3 0.388098318240621 0.39197930142302717 0.09659335920655458 0.1267787839586029
3 0.47089262613195343 0.3958602846054334 0.08624407072013802 0.1138421733505821
3 0.5597240189736956 0.39456662354463135 0.07761966364812423 0.11642949547218627
3 0.6407934454506252 0.388745148771022 0.07416990081931879 0.10478654592496767
3 0.7080638206123328 0.38745148771021987 0.06382061233290201 0.09961190168175939
3 0.7675722294092282 0.38421733505821476 0.06209573091849919 0.0827943078913325
3 0.6468305304010349 0.5672703751617076 0.07934454506252699 0.10219922380336349
3 0.563173781802501 0.572445019404916 0.07761966364812423 0.09443725743855111
3 0.4924536438119879 0.5873221216041398 0.08106942647692975 0.10349288486416555
3 0.40793445450625226 0.5950840879689521 0.10521776627856827 0.12160413971539458
