5 0.18197498921949115 0.4560155239327297 0.19836136265631737 0.34540750323415265
5 0.3423889607589478 0.44760672703751625 0.12246658042259594 0.3441138421733506
5 0.4657179818887451 0.44501940491591196 0.12764122466580424 0.3363518758085381
5 0.5942216472617508 0.43790426908150065 0.11556705476498493 0.3298835705045278
5 0.7115135834411385 0.43919793014230274 0.13281586890901254 0.32212160413971547
5 0.8244933160845193 0.4346701164294955 0.1138421733505821 0.31565329883570503
5 0.9288486416558862 0.42884864165588615 0.11211729193617927 0.30401034928848636
5 0.9357481673134971 0.7393272962483829 0.0914187149633463 0.22380336351875812
5 0.8469167744717551 0.7496765847347995 0.120741699008193 0.22380336351875818
5 0.7442863303147909 0.7535575679172056 0.10176800344976286 0.223803363518758
5 0.6399310047434238 0.7645536869340234 0.10694264769297114 0.2302716688227683
5 0.5355756791720568 0.7438551099611902 0.10866752910737382 0.18111254851228978
5 0.45019404915912026 0.7891332470892626 0.12074169900819313 0.25097024579560157
5 0.33548943510133683 0.8007761966364813 0.12936610608020702 0.2639068564036222
5 0.23544631306597671 0.7742561448900389 0.10521776627856834 0.166882276843467
