5 0.08020698576972833 0.9081500646830531 0.06727037516170764 0.17593790426908143
5 0.1302285467874084 0.9294954721862871 0.06727037516170763 0.1358344113842172
5 0.17766278568348426 0.944372574385511 0.0655454937473049 0.10349288486416555
5 0.08020698576972833 0.6959896507115135 0.08106942647692972 0.2069857697283311
5 0.16213885295385944 0.7160413971539457 0.11729193617938767 0.184993531694696
5 0.2785683484260457 0.7522639068564035 0.0707201379905132 0.1798188874514876
5 0.3544631306597671 0.778137128072445 0.0672703751617076 0.17464424320827932
5 0.42949547218628714 0.8169469598965071 0.08969383354894347 0.203104786545925
5 0.5217766278568348 0.8473479948253558 0.08796895213454071 0.21474773609314368
5 0.6157826649417852 0.8842173350582146 0.12074169900819313 0.22380336351875812
5 0.7416990081931868 0.8913324708926261 0.12074169900819313 0.2018111254851229
5 0.020698576972833112 0.41979301423027165 0.03449762828805519 0.2522639068564035
5 0.08020698576972833 0.4275549805950841 0.08451918930573524 0.260025873221216
5 0.1379905131522208 0.4346701164294955 0.07589478223372143 0.2716688227684347
5 0.2112979732643381 0.4456662354463131 0.09486847779215178 0.2988357050452782
5 0.3061664510564899 0.4566623544631306 0.09831824062095727 0.31565329883570503
5 0.40103492884864167 0.4715394566623544 0.09831824062095734 0.34540750323415265
5 0.5028029322984044 0.47994825355756776 0.1328158689090127 0.3518758085381627
5 0.6459680896938335 0.4657179818887451 0.14661492022423467 0.3234152652005174
5 0.7968952134540743 0.4902975420439841 0.16558861578266448 0.372574385510996
5 0.9353169469598968 0.5064683053040099 0.12936610608020577 0.41009055627425584
