8 0.8745148771021992 0.24385510996119017 0.07934454506252706 0.1203104786545925
8 0.8219059939629151 0.24191461836998707 0.050021561017680086 0.12160413971539455
8 0.7710219922380337 0.2535575679172057 0.04829667960327726 0.12677878395860284
8 0.7201379905131522 0.2574385510996119 0.04312203536006905 0.13712807244501943
8 0.6735661923242777 0.25614489003880986 0.06382061233290216 0.1423027166882277
8 0.5985338507977577 0.2761966364812419 0.09659335920655451 0.14359637774902975
8 0.5053902544200086 0.28654592496765846 0.08279430789133244 0.15135834411384216
8 0.3061664510564899 0.44825355756791724 0.09831824062095727 0.13065976714100905
8 0.3777490297542044 0.43790426908150065 0.05519620526088829 0.13324708926261317
8 0.4338076757222941 0.425614489003881 0.07072013799051319 0.11901681759379044
8 0.50625269512721 0.4210866752910738 0.06727037516170768 0.10996119016817595
8 0.5571366968520914 0.40879689521345414 0.055196205260888365 0.10090556274256152
8 0.6054333764553687 0.3932729624838292 0.04829667960327719 0.10866752910737382
8 0.6709788702026737 0.38745148771022 0.0379473911168607 0.11254851228978012
8 0.7141009055627427 0.38033635187580855 0.0379473911168607 0.10608020698576973
8 0.7546356188012076 0.3719275549805951 0.036222509702458015 0.09961190168175939
8 0.8020698576972833 0.3609314359637775 0.051746442432082915 0.1060802069857698
8 0.8365674859853385 0.3641655886157827 0.04139715394566622 0.09702457956015526
8 0.876239758516602 0.3492884864165589 0.03449762828805504 0.10608020698576973
8 0.3294523501509271 0.574385510996119 0.08279430789133248 0.1060802069857698
8 0.39154808106942646 0.5601552393272963 0.051746442432082776 0.11901681759379044
8 0.4467442863303148 0.5459249676584734 0.058645968089693884 0.11901681759379037
8 0.5122897800776197 0.5342820181112549 0.06209573091849933 0.11901681759379051
8 0.5588615782664942 0.5226390685640362 0.04484691677447181 0.11901681759379044
8 0.6045709357481673 0.5103492884864166 0.0465717981888745 0.10737386804657177
8 0.6589047003018541 0.5038809831824063 0.051746442432082776 0.10219922380336349
8 0.6994394135403192 0.4928848641655887 0.046571798188874566 0.10349288486416562
8 0.7451487710219922 0.4786545924967659 0.04484691677447174 0.10090556274256152
8 0.7882708063820613 0.47347994825355755 0.05519620526088829 0.10349288486416562
8 0.8227684346701164 0.46830530401034937 0.048296679603277395 0.10349288486416562
8 0.8624407072013799 0.45472186287192756 0.048296679603277395 0.09702457956015528
8 0.3346269943941354 0.6895213454075032 0.06899525657611036 0.08796895213454065
8 0.39672272531263475 0.6707632600258733 0.062095730918499396 0.10737386804657177
8 0.4484691677447175 0.6578266494178525 0.048296679603277326 0.08926261319534298
8 0.36050021561017687 0.27360931435963776 0.051746442432082845 0.12548512289780078
8 0.29322984044846917 0.28007761966364814 0.07589478223372147 0.13065976714100905
8 0.5114273393704183 0.6364812419146184 0.05347132384648546 0.08538163001293654
8 0.5597240189736955 0.6274256144890039 0.053471323846485536 0.07244501940491581
8 0.6028460543337646 0.6119016817593791 0.046571798188874566 0.0827943078913325
8 0.6502802932298404 0.5970245795601552 0.04139715394566622 0.07891332470892629
8 0.6934023285899094 0.5866752910737386 0.0379473911168607 0.07632600258732211
8 0.7278999568779646 0.5795601552393274 0.027598102630444144 0.08796895213454071
8 0.7667097887020268 0.5685640362225096 0.03622250970245787 0.07632600258732211
8 0.8012074169900819 0.5569210866752912 0.032772746873652496 0.07632600258732211
8 0.8460543337645539 0.5504527813712808 0.046571798188874566 0.07373868046571808
8 0.34238896075894787 0.7871927554980596 0.07416990081931864 0.08408796895213456
8 0.4139715394566623 0.7690815006468306 0.07244501940491595 0.08667529107373867
8 0.45709357481673135 0.7503234152652005 0.05864596808969381 0.0957309184993531
8 0.5097024579560155 0.7335058214747735 0.0672703751617076 0.07503234152651998
8 0.55627425614489 0.7147477360931436 0.053471323846485605 0.07891332470892622
8 0.5899094437257439 0.7043984476067271 0.048296679603277326 0.07891332470892636
8 0.6347563605002157 0.686287192755498 0.04139715394566622 0.07373868046571787
8 0.6804657179818888 0.6759379042690814 0.050021561017680086 0.07632600258732218
8 0.7149633462699438 0.6591203104786545 0.032772746873652496 0.08150064683053039
8 0.7606727037516171 0.6526520051746442 0.041397153945666364 0.06597671410090548
8 0.7943078913324709 0.6377749029754205 0.018973695558430422 0.06727037516170753
8 0.8244933160845193 0.6280724450194051 0.031047865459249663 0.06597671410090562
