2 0.6502802932298405 0.5815006468305305 0.1345407503234152 0.1047865459249676
2 0.6356188012074171 0.48965071151358347 0.11901681759379051 0.08150064683053039
2 0.6330314790858128 0.42043984476067264 0.11384217335058217 0.04398447606727039
2 0.6364812419146183 0.36675291073738675 0.1207416990081932 0.07891332470892629
2 0.5028029322984044 0.555627425614489 0.1259163432514015 0.09184993531694693
2 0.5157395429064252 0.48771021992238034 0.11384217335058217 0.03622250970245794
2 0.517464424320828 0.45472186287192756 0.11039241052177658 0.03751617076326006
2 0.5166019836136265 0.42949547218628725 0.11211729193617942 0.0465717981888745
2 0.5105648986632169 0.3732212160413972 0.10694264769297107 0.073738680465718
2 0.3889607589478223 0.3725743855109961 0.12936610608020693 0.07244501940491588
2 0.401897369555843 0.4230271668822768 0.11729193617938762 0.04398447606727032
2 0.3855109961190168 0.48965071151358347 0.1224665804225959 0.08150064683053039
2 0.37774902975420444 0.5459249676584734 0.11729193617938768 0.04398447606727039
