17 0.7391116860715826 0.015523932729624839 0.07416990081931871 0.031047865459249677
17 0.5847347994825356 0.019404915912031046 0.06209573091849926 0.03880983182406209
17 0.5838723587753342 0.0685640362225097 0.07072013799051312 0.06209573091849935
17 0.5804225959465287 0.1203104786545925 0.06727037516170768 0.0388098318240621
17 0.6589047003018541 0.11642949547218631 0.06554549374730491 0.049159120310478664
17 0.6580422595946529 0.058214747736093135 0.08106942647692968 0.05692108667529107
17 0.746873652436395 0.060802069857697275 0.07934454506252706 0.05950840879689521
17 0.7391116860715826 0.11513583441138422 0.07761966364812423 0.04657179818887453
17 0.5657611039241053 0.5472186287192755 0.09314359637774906 0.04398447606727039
17 0.4424320827943079 0.5446313065976714 0.11556705476498493 0.051746442432082776
17 0.4501940491591203 0.5950840879689521 0.09314359637774906 0.05950840879689522
17 0.5786977145321259 0.5931435963777489 0.09831824062095734 0.0582147477360931
17 0.6890901250539025 0.7166882276843458 0.09831824062095705 0.08538163001293662
17 0.5873221216041398 0.8046571798188874 0.09486847779215168 0.08020698576972847
17 0.4898663216903838 0.797542043984476 0.093143596377749 0.09184993531694702
17 0.692539887882708 0.7749029754204395 0.09486847779215185 0.051746442432082776
17 0.6916774471755067 0.8266494178525227 0.08624407072013796 0.05433376455368702
