8 0.13626563173781803 0.29301423027166884 0.1069426476929711 0.13842173350582146
8 0.21474773609314357 0.2910737386804657 0.10866752910737382 0.13971539456662355
8 0.2846054333764554 0.28848641655886154 0.09659335920655454 0.12936610608020696
8 0.388098318240621 0.3104786545924968 0.09659335920655458 0.16558861578266498
8 0.45709357481673135 0.2943078913324709 0.07244501940491588 0.14100905562742558
8 0.5321259163432515 0.29948253557567917 0.10176800344976286 0.15653298835705043
8 0.639931004743424 0.2871927554980595 0.0827943078913325 0.17076326002587322
8 0.710651142733937 0.2858990944372575 0.10349288486416555 0.17852522639068563
8 0.7908581285036653 0.2800776196636481 0.101768003449763 0.1694695989650711
8 0.880551962052609 0.2742561448900388 0.11556705476498493 0.1759379042690815
8 0.951272100043122 0.27360931435963776 0.0914187149633463 0.166882276843467
8 0.16041397153945666 0.4670116429495472 0.1103924105217766 0.13454075032341536
8 0.24148339801638635 0.46636481241914624 0.11039241052177662 0.13842173350582151
8 0.30961621388529537 0.4605433376455369 0.09486847779215182 0.13454075032341528
8 0.39413540319103063 0.4573091849935317 0.09141871496334623 0.1203104786545925
8 0.4665804225959465 0.45084087968952136 0.08106942647692975 0.1177231565329884
8 0.5390254420008624 0.44372574385511 0.08106942647692968 0.12677878395860284
8 0.6269943941354031 0.43790426908150065 0.0603708495040965 0.13065976714100913
8 0.6959896507115135 0.43467011642949543 0.0603708495040965 0.12419146183699872
8 0.7710219922380336 0.43467011642949543 0.06554549374730484 0.12677878395860284
8 0.8555411815437688 0.4320827943078913 0.09659335920655451 0.13712807244501937
8 0.9184993531694695 0.4269081500646831 0.10521776627856838 0.1319534282018111
8 0.9659335920655454 0.4282018111254851 0.06209573091849947 0.12936610608020693
8 0.19836136265631737 0.6028460543337646 0.10004312203536009 0.11642949547218634
8 0.2699439413540319 0.6028460543337646 0.10176800344976286 0.11125485122897807
8 0.3303147908581285 0.5957309184993531 0.08451918930573524 0.10478654592496767
8 0.4096593359206554 0.5912031047865459 0.07072013799051312 0.10090556274256152
8 0.4786545924967659 0.5860284605433377 0.0845191893057352 0.10608020698576973
8 0.5373005605864597 0.574385510996119 0.07072013799051312 0.11642949547218627
8 0.6157826649417852 0.5698576972833118 0.058645968089693884 0.10737386804657177
8 0.6796032772746874 0.5640362225097024 0.06209573091849933 0.1138421733505821
8 0.749460974557999 0.5595084087968952 0.07072013799051305 0.10996119016817595
8 0.8219059939629151 0.5627425614489003 0.07416990081931886 0.12160413971539455
8 0.8934885726606296 0.5569210866752912 0.07244501940491588 0.10737386804657177
8 0.9555843035791289 0.5530401034928849 0.07589478223372154 0.10219922380336356
8 0.22164726175075466 0.7121604139715394 0.09141871496334626 0.08408796895213441
8 0.2811556705476499 0.7089262613195344 0.08279430789133248 0.0957309184993531
8 0.344976282880552 0.7024579560155239 0.086244070720138 0.09055627425614489
8 0.41828374299266924 0.7031047865459249 0.08106942647692968 0.09184993531694702
8 0.48382923673997413 0.6998706338939198 0.07416990081931871 0.08020698576972819
8 0.5476498490728763 0.6946959896507116 0.06037084950409657 0.08279430789133244
8 0.6097455799913756 0.6895213454075033 0.06037084950409664 0.09573091849935324
8 0.6778783958602845 0.6798188874514877 0.06899525657611036 0.08667529107373859
8 0.7382492453643812 0.6759379042690816 0.06209573091849933 0.09184993531694702
8 0.7986200948684778 0.6739974126778785 0.05174644243208263 0.09314359637774913
8 0.8615782664941785 0.6733505821474773 0.07416990081931871 0.10219922380336356
8 0.9245364381198793 0.667529107373868 0.08279430789133244 0.10090556274256145
8 0.23458387235877534 0.8091849935316947 0.08624407072013802 0.08926261319534291
8 0.3053040103492885 0.8124191461836999 0.06899525657611036 0.09314359637774913
8 0.3605002156101768 0.8053040103492884 0.06899525657611036 0.08408796895213456
8 0.43467011642949543 0.8033635187580853 0.06554549374730484 0.08796895213454078
8 0.4907287623975851 0.796248382923674 0.08796895213454078 0.08408796895213456
8 0.5424752048296679 0.7904269081500647 0.07072013799051312 0.08538163001293668
8 0.6037084950409659 0.7800776196636481 0.06209573091849933 0.08279430789133244
8 0.6632169038378612 0.7736093143596378 0.06727037516170768 0.07503234152651998
8 0.7218628719275548 0.7729624838292368 0.06727037516170768 0.073738680465718
8 0.7882708063820613 0.7652005174644245 0.06554549374730484 0.07632600258732211
8 0.8460543337645536 0.7580853816300128 0.0603708495040965 0.06985769728331193
8 0.8978007761966365 0.7567917205692108 0.05002156101767994 0.07503234152651998
