5 0.06985769728331176 0.4663648124191462 0.13281586890901248 0.30659767141009053
5 0.1923242777059076 0.45601552393272926 0.12591634325140155 0.29624838292367384
5 0.3139284174213023 0.45278137128072443 0.1414402759810263 0.3001293661060802
5 0.4363949978438982 0.45084087968952136 0.14833980163863728 0.30918499353169465
5 0.5536869340232858 0.4534282018111254 0.12419146183699865 0.3169469598965071
5 0.6761535144458819 0.44760672703751614 0.11729193617938768 0.31565329883570503
5 0.8029322984044847 0.44501940491591185 0.12591634325140114 0.3234152652005172
5 0.9338076757222942 0.44760672703751625 0.13238464855541182 0.3285899094437258
5 0.23458387235877529 0.783958602846054 0.10694264769297102 0.24062095730918492
5 0.340664079344545 0.7807244501940491 0.10176800344976282 0.23415265200517468
5 0.5416127641224666 0.777490297542044 0.09659335920655451 0.22509702457956013
5 0.6442432082794308 0.7813712807244503 0.10176800344976293 0.22509702457956024
5 0.749460974557999 0.778783958602846 0.0983182406209572 0.2302716688227686
5 0.8564036222509702 0.7768434670116429 0.10176800344976272 0.23673997412677877
5 0.9579560155239326 0.7923673997412678 0.08408796895213456 0.23932729624838303
