5 0.08796895213454077 0.8001293661060808 0.11384217335058215 0.23932729624838317
5 0.20353600689952564 0.805304010349288 0.11039241052177663 0.24708926261319533
5 0.4070720137990513 0.8001293661060802 0.1000431220353601 0.22380336351875826
5 0.513152220784821 0.8078913324708927 0.09831824062095727 0.22897800776196633
5 0.6269943941354031 0.8163001293661061 0.10176800344976293 0.22509702457956024
5 0.7460112117291936 0.815006468305304 0.1086675291073739 0.23544631306597666
5 0.8676153514445882 0.8247089262613195 0.12074169900819327 0.257438551099612
5 0.96248382923674 0.8272962483829235 0.06899525657611036 0.2574385510996119
5 0.9148339801638637 0.4463130659767141 0.1703320396722725 0.3467011642949548
5 0.7805088400172489 0.45213454075032344 0.14316515739542904 0.35316946959896517
5 0.6476929711082353 0.45730918499353157 0.15006468305304002 0.35834411384217385
5 0.5071151358344111 0.4611901681759377 0.13454075032341484 0.3428201811125484
5 0.37429926692539867 0.4534282018111254 0.12764122466580446 0.32988357050452777
5 0.2570073307460112 0.46183699870633915 0.14833980163863725 0.3311772315653299
5 0.13540319103061654 0.4592496765847349 0.14661492022423436 0.3182406209573092
5 0.04225959465286762 0.4741267787839587 0.08451918930573524 0.2962483829236739
