2 0.4217335058214748 0.4139715394566623 0.13971539456662355 0.0827943078913325
2 0.5510996119016818 0.4113842173350582 0.11901681759379044 0.08538163001293654
2 0.6701164294954722 0.3984476067270375 0.11211729193617927 0.08020698576972833
2 0.6709788702026737 0.45213454075032344 0.12419146183699872 0.040103492884864166
2 0.5502371711944803 0.4670116429495472 0.13109098749460968 0.031047865459249663
2 0.4217335058214748 0.46830530401034937 0.12246658042259596 0.0491591203104786
2 0.43811987925830065 0.5426908150064681 0.13454075032341525 0.08667529107373921
2 0.44329452350150933 0.5996119016817594 0.13799051315222088 0.05562742561448907
2 0.5804225959465288 0.5996119016817594 0.13281586890901242 0.09702457956015528
2 0.5571366968520914 0.5297542043984476 0.12074169900819313 0.03234152652005171
2 0.5476498490728763 0.49223803363518753 0.11556705476498486 0.02975420439844761
2 0.7003018542475204 0.5232858990944372 0.13109098749460976 0.0840879689521345
2 0.7529107373868047 0.6209573091849936 0.15351444588184562 0.11125485122897807
