8 0.12764122466580421 0.29560155239327296 0.09314359637774902 0.1203104786545925
8 0.19922380336351875 0.2975420439844761 0.0465717981888745 0.12419146183699872
8 0.25097024579560157 0.296248382923674 0.04312203536006901 0.1267787839586029
8 0.3191030616645105 0.3201811125485123 0.11384217335058217 0.1539456662354463
8 0.39413540319103063 0.3091849935316947 0.08106942647692975 0.13195342820181113
8 0.45795601552393267 0.31435963777490294 0.10521776627856831 0.14747736093143593
8 0.5536869340232858 0.3078913324708926 0.08969383354894354 0.16817593790426907
8 0.6338939197930142 0.3078913324708926 0.0914187149633463 0.17593790426908154
8 0.7141009055627425 0.3091849935316947 0.09314359637774913 0.16558861578266496
8 0.8089693833548943 0.30595084087968955 0.1138421733505821 0.16946959896507116
8 0.8995256576110393 0.3059508408796895 0.12246658042259596 0.16429495472186287
8 0.12246658042259594 0.4560155239327296 0.10004312203536006 0.130659767141009
8 0.19059939629150496 0.4579560155239328 0.09831824062095733 0.12936610608020693
8 0.26476929711082364 0.4566623544631307 0.09486847779215178 0.11901681759379044
8 0.33635187580853815 0.46765847347994827 0.086244070720138 0.11513583441138422
8 0.4036222509702458 0.4573091849935317 0.08279430789133244 0.11513583441138422
8 0.47003018542475206 0.463130659767141 0.08796895213454085 0.12419146183699872
8 0.5648986632169039 0.463130659767141 0.07072013799051319 0.11901681759379044
8 0.6330314790858128 0.4611901681759379 0.06899525657611029 0.12807244501940496
8 0.7054764984907288 0.4605433376455369 0.07934454506252692 0.12936610608020702
8 0.7925830099180681 0.4650711513583441 0.09486847779215182 0.13842173350582151
8 0.8667529107373868 0.46183699870633893 0.11211729193617942 0.13712807244501932
8 0.9340232858990944 0.46183699870633893 0.11901681759379044 0.13712807244501932
8 0.15610176800344977 0.5866752910737386 0.09486847779215181 0.10737386804657177
8 0.2233721431651574 0.5879689521345408 0.08106942647692975 0.10737386804657177
8 0.2871927554980595 0.5866752910737386 0.08106942647692972 0.10219922380336342
8 0.3527382492453644 0.5866752910737386 0.08106942647692975 0.09961190168175939
8 0.41828374299266924 0.5912031047865459 0.07416990081931871 0.1138421733505821
8 0.48124191461837 0.5899094437257439 0.07934454506252692 0.10866752910737382
8 0.5545493747304873 0.5905562742561449 0.07072013799051312 0.11254851228977998
8 0.6261319534282017 0.5912031047865459 0.06899525657611036 0.11642949547218634
8 0.6916774471755067 0.5912031047865459 0.06554549374730484 0.11125485122897792
8 0.7744717550668392 0.5957309184993531 0.08279430789133244 0.10996119016817595
8 0.8495040965933591 0.5944372574385511 0.08451918930573527 0.10996119016817602
8 0.9202242345838724 0.5912031047865459 0.09831824062095734 0.1060802069857698
8 0.179387667097887 0.6882276843467011 0.07589478223372145 0.08020698576972833
8 0.240620957309185 0.6882276843467011 0.06382061233290212 0.09055627425614475
8 0.29150495903406637 0.6908150064683053 0.07244501940491595 0.08796895213454078
8 0.36826218197498917 0.6934023285899095 0.07072013799051312 0.08279430789133244
8 0.41828374299266924 0.6940491591203104 0.07072013799051312 0.07891332470892622
8 0.4786545924967659 0.6927554980595084 0.06727037516170775 0.08150064683053032
8 0.5528244933160845 0.6934023285899096 0.05347132384648546 0.08796895213454078
8 0.6192324277705908 0.6972833117723156 0.06209573091849947 0.0957309184993531
8 0.6804657179818886 0.6992238033635187 0.07416990081931871 0.09184993531694687
8 0.7874083656748598 0.6591203104786547 0.005174644243208348 0.0012936610608021227
8 0.7460112117291936 0.7141009055627425 0.07072013799051319 0.08796895213454065
8 0.8106942647692972 0.7056921086675291 0.06554549374730484 0.08667529107373867
8 0.8831392841742131 0.7115135834411385 0.08279430789133244 0.10608020698576964
8 0.1966364812419146 0.7820181112548511 0.04484691677447174 0.08408796895213456
8 0.2535575679172057 0.7917205692108666 0.04139715394566625 0.09055627425614503
8 0.30875377317809405 0.7904269081500647 0.05174644243208281 0.093143596377749
8 0.3751617076326002 0.7878395860284606 0.0465717981888745 0.09055627425614489
8 0.42777059077188445 0.7904269081500647 0.04139715394566622 0.09055627425614489
8 0.48382923673997413 0.7936610608020698 0.06037084950409671 0.09443725743855126
8 0.5442000862440708 0.793014230271669 0.050021561017680086 0.08538163001293654
8 0.6114704614057784 0.794954721862872 0.06037084950409657 0.07632600258732211
8 0.6649417852522639 0.7981888745148771 0.07072013799051319 0.07503234152651998
8 0.7460112117291936 0.8014230271668822 0.07072013799051319 0.08408796895213456
8 0.8012074169900819 0.8007761966364813 0.07072013799051319 0.07503234152651998
8 0.8650280293229841 0.8072445019404916 0.07072013799051319 0.06985769728331177
