8 0.1285036653730056 0.2923673997412678 0.1155670547649849 0.15265200517464428
8 0.21302285467874085 0.2846054333764554 0.06382061233290212 0.14747736093143593
8 0.28288055196205264 0.2807244501940492 0.06209573091849936 0.15265200517464425
8 0.40620957309184996 0.3001293661060802 0.06037084950409664 0.1759379042690815
8 0.45536869340232855 0.2858990944372575 0.03794739111686063 0.15523932729624842
8 0.5347132384648555 0.2858990944372574 0.08969383354894347 0.16817593790426905
8 0.6278568348426046 0.26714100905562743 0.09314359637774892 0.17205692108667528
8 0.6934023285899095 0.26196636481241914 0.07934454506252706 0.1642949547218628
8 0.7503234152652004 0.26067270375161705 0.07934454506252692 0.16429495472186287
8 0.8288055196205261 0.25097024579560157 0.08451918930573513 0.1655886157826649
8 0.9072876239758517 0.2496765847347995 0.08969383354894361 0.15265200517464425
8 0.17421302285467874 0.463130659767141 0.08279430789133245 0.1552393272962484
8 0.265631737818025 0.4540750323415265 0.10349288486416555 0.13712807244501946
8 0.3303147908581285 0.444372574385511 0.09141871496334623 0.13065976714100913
8 0.4131090987494609 0.4417852522639069 0.07761966364812416 0.1203104786545925
8 0.47779215178956447 0.43143596377749033 0.07589478223372147 0.1151358344113843
8 0.5373005605864597 0.42108667529107374 0.07072013799051312 0.11254851228978012
8 0.6183699870633893 0.4126778783958603 0.050021561017680016 0.12160413971539455
8 0.6787408365674861 0.4029754204398448 0.05692108667529098 0.12807244501940487
8 0.7356619232427771 0.39715394566623546 0.056921086675291124 0.12160413971539455
8 0.8012074169900819 0.388098318240621 0.050021561017680086 0.12419146183699872
8 0.8529538594221647 0.38745148771021987 0.04312203536006905 0.12807244501940496
8 0.9047003018542474 0.3783958602846054 0.050021561017680086 0.13324708926261317
8 0.22768434670116428 0.5937904269081501 0.10349288486416558 0.11125485122897814
8 0.290642518326865 0.5853816300129366 0.08796895213454076 0.11254851228978005
8 0.3544631306597671 0.5763260025873221 0.0845191893057352 0.11254851228978005
8 0.4269081500646831 0.5653298835705045 0.07416990081931871 0.10349288486416562
8 0.49159120310478654 0.55627425614489 0.07934454506252699 0.1138421733505821
8 0.5424752048296679 0.5420439844760672 0.0672703751617076 0.11125485122897792
8 0.6131953428201811 0.5342820181112549 0.053471323846485605 0.10866752910737382
8 0.6770159551530832 0.5258732212160414 0.05002156101767994 0.10737386804657177
8 0.726175075463562 0.5232858990944372 0.048296679603277395 0.11254851228978005
8 0.7865459249676584 0.5084087968952135 0.04829667960327726 0.09573091849935317
8 0.8426045709357481 0.5 0.06037084950409664 0.09702457956015521
8 0.8926261319534282 0.4948253557567917 0.04657179818887443 0.09702457956015521
8 0.23975851660198363 0.700517464424321 0.08969383354894354 0.08667529107373881
8 0.3078913324708926 0.6946959896507116 0.08106942647692972 0.09573091849935324
8 0.3639499784389823 0.686287192755498 0.08279430789133244 0.09443725743855104
8 0.4320827943078913 0.6694695989650711 0.07416990081931871 0.08408796895213456
8 0.5002156101768004 0.6617076326002587 0.07244501940491588 0.08926261319534276
8 0.5528244933160845 0.6539456662354464 0.07072013799051312 0.09184993531694693
8 0.6088831392841743 0.6384217335058215 0.05519620526088829 0.08926261319534276
8 0.6666666666666667 0.6351875808538163 0.056921086675291124 0.08796895213454071
8 0.7141009055627425 0.6267787839586029 0.04829667960327726 0.09184993531694702
8 0.7658473479948253 0.611901681759379 0.04829667960327726 0.09055627425614482
8 0.8132815868909011 0.6073738680465718 0.046571798188874566 0.08150064683053039
8 0.8684777921517894 0.5983182406209573 0.04312203536006891 0.09443725743855111
8 0.26218197498921947 0.7981888745148771 0.08624407072013802 0.09314359637774913
8 0.32427770590771887 0.7910737386804658 0.07589478223372144 0.10478654592496767
8 0.37861147046140575 0.7846054333764553 0.06037084950409657 0.08667529107373881
8 0.4501940491591203 0.7710219922380336 0.06899525657611044 0.08279430789133257
8 0.5019404915912031 0.7619663648124191 0.06554549374730484 0.07244501940491588
8 0.5459249676584735 0.7490297542043984 0.06727037516170753 0.08796895213454092
8 0.6088831392841743 0.7360931435963778 0.05519620526088829 0.07503234152652012
8 0.660629581716257 0.721862871927555 0.04829667960327719 0.08796895213454065
8 0.710651142733937 0.7121604139715394 0.04139715394566622 0.09443725743855111
8 0.7658473479948253 0.7056921086675291 0.05864596808969381 0.07891332470892622
8 0.8141440275981026 0.6972833117723156 0.04139715394566622 0.07761966364812423
8 0.8538163001293662 0.684993531694696 0.03449762828805518 0.073738680465718
