5 0.14747736093143596 0.7742561448900386 0.11211729193617942 0.23415265200517468
5 0.23975851660198363 0.7781371280724452 0.1207416990081932 0.21604139715394566
5 0.42949547218628725 0.8046571798188874 0.12419146183699872 0.2121604139715396
5 0.5278137128072445 0.8227684346701164 0.11039241052177666 0.22509702457956024
5 0.6347563605002157 0.8402328589909444 0.1276412246658041 0.23415265200517468
5 0.7529107373868047 0.8544631306597671 0.11901681759379044 0.24191461836998712
5 0.8736524363949979 0.870633893919793 0.12936610608020702 0.24838292367399759
5 0.974342388960759 0.8771021992238033 0.05131522207848221 0.24062095730918487
5 0.9184993531694695 0.48253557567917205 0.15696420871065114 0.3777490297542043
5 0.7822337214316516 0.481888745148771 0.1500646830530401 0.3686934023285899
5 0.6373436826218198 0.4793014230271669 0.1328158689090126 0.35316946959896517
5 0.50625269512721 0.4702457956015524 0.1259163432514015 0.3402328589909443
5 0.38033635187580855 0.4689521345407501 0.12591634325140155 0.32470892626131936
5 0.2699439413540319 0.4657179818887452 0.11556705476498493 0.3027166882276843
5 0.1716257007330746 0.46313065976714085 0.11556705476498488 0.2897800776196635
5 0.07675722294092274 0.45730918499353196 0.13281586890901237 0.28331177231565413
