8 0.2785683484260457 0.3027166882276843 0.13281586890901254 0.1655886157826649
8 0.3734368262181975 0.31241914618369987 0.053471323846485605 0.1772315653298836
8 0.4545062526951273 0.31435963777490294 0.0638206123329021 0.1759379042690815
8 0.528676153514446 0.3253557567917206 0.08451918930573527 0.1901681759379043
8 0.5959465286761535 0.3311772315653299 0.08106942647692968 0.19922380336351878
8 0.7072013799051317 0.3350582147477361 0.13109098749460985 0.21216041397153948
8 0.8037947391116862 0.35252263906856407 0.1690383786114704 0.20569210866752916
8 0.9314359637774904 0.3473479948253558 0.12074169900819327 0.18758085381630013
8 0.172488141440276 0.406856403622251 0.05174644243208279 0.1203104786545925
8 0.21474773609314363 0.41720569210866754 0.06382061233290212 0.12807244501940496
8 0.2604570935748167 0.4288486416558861 0.062095730918499396 0.12807244501940496
8 0.3061664510564899 0.4514877102199224 0.07072013799051312 0.11125485122897799
8 0.3553255713669685 0.4579560155239327 0.06554549374730484 0.11642949547218634
8 0.4053471323846486 0.46830530401034925 0.07589478223372147 0.12419146183699865
8 0.47003018542475206 0.47800776196636485 0.0672703751617076 0.13324708926261322
8 0.5321259163432515 0.49676584734799484 0.07072013799051319 0.12936610608020702
8 0.6045709357481673 0.5071151358344114 0.07416990081931864 0.16300129366106078
8 0.6865028029322984 0.5213454075032341 0.06554549374730499 0.1759379042690815
8 0.7813712807244503 0.5472186287192755 0.12074169900819327 0.15265200517464422
8 0.8796895213454076 0.5595084087968952 0.15523932729624831 0.15135834411384225
8 0.20439844760672707 0.5252263906856404 0.0603708495040966 0.10866752910737382
8 0.24148339801638638 0.536222509702458 0.06209573091849933 0.10478654592496767
8 0.28546787408365676 0.5498059508408797 0.0638206123329021 0.1086675291073739
8 0.32427770590771887 0.5711513583441138 0.06554549374730484 0.12031047865459243
8 0.3751617076326002 0.5789133247089263 0.06037084950409657 0.12031047865459243
8 0.41914618369987067 0.5905562742561449 0.07244501940491595 0.11513583441138422
8 0.48382923673997413 0.611254851228978 0.06037084950409671 0.13583441138421734
8 0.5364381198792583 0.630659767141009 0.05519620526088829 0.13583441138421734
8 0.6045709357481673 0.6455368693402329 0.0672703751617076 0.12936610608020702
8 0.6847779215178956 0.6798188874514877 0.08279430789133244 0.10996119016817595
8 0.7589478223372143 0.7011642949547219 0.09659335920655451 0.11901681759379044
8 0.8503665373005606 0.7186287192755497 0.1276412246658042 0.12289780077619668
8 0.21733505821474774 0.6190168175937905 0.04829667960327726 0.07115135834411383
8 0.26218197498921947 0.6377749029754205 0.03449762828805518 0.0827943078913325
8 0.2932298404484691 0.6474773609314358 0.03449762828805522 0.08150064683053039
8 0.3398016386373437 0.6701164294954722 0.04484691677447177 0.093143596377749
8 0.37861147046140575 0.6830530401034929 0.06037084950409657 0.10090556274256138
8 0.4243208279430789 0.6979301423027167 0.05864596808969381 0.09184993531694702
8 0.4864165588615782 0.722509702457956 0.04829667960327719 0.09702457956015521
8 0.5364381198792583 0.7490297542043984 0.05864596808969381 0.10090556274256145
8 0.5899094437257438 0.7690815006468306 0.06209573091849933 0.09443725743855111
8 0.6537300560586459 0.7936610608020698 0.05864596808969381 0.10996119016817588
8 0.7244501940491591 0.8214747736093143 0.05864596808969381 0.12419146183699865
8 0.8089693833548943 0.8531694695989651 0.08624407072013796 0.12289780077619654
8 0.240620957309185 0.705045278137128 0.04657179818887453 0.08279430789133244
8 0.27598102630444155 0.7257438551099611 0.03449762828805518 0.07503234152652012
8 0.3044415696420871 0.7445019404915911 0.04312203536006901 0.08926261319534276
8 0.3544631306597671 0.7574385510996119 0.050021561017680016 0.08667529107373867
8 0.39844760672703755 0.7807244501940491 0.04484691677447181 0.08667529107373852
8 0.4338076757222941 0.8033635187580853 0.04312203536006905 0.093143596377749
8 0.48555411815437677 0.8169469598965071 0.050021561017680016 0.08408796895213456
8 0.5433376455368694 0.8441138421733505 0.051746442432082845 0.09184993531694687
8 0.5959465286761535 0.8596377749029753 0.06382061233290216 0.08408796895213456
8 0.6580422595946529 0.8965071151358345 0.0638206123329021 0.10608020698576964
8 0.7218628719275548 0.9243208279430789 0.07072013799051305 0.09702457956015521
8 0.7960327727468736 0.9579560155239326 0.07761966364812423 0.06856403622250966
