17 0.4898663216903838 0.04204398447606727 0.08279430789133244 0.07632600258732213
17 0.574385510996119 0.036869340232858996 0.08279430789133244 0.06856403622250971
17 0.6692539887882708 0.03492884864165589 0.07934454506252706 0.06209573091849936
17 0.6640793445450625 0.09961190168175937 0.07589478223372133 0.062095730918499355
17 0.5735230702889176 0.10090556274256145 0.0845191893057352 0.04915912031047865
17 0.4846916774471755 0.10284605433376455 0.0827943078913325 0.04786545924967659
17 0.47951703320396727 0.5789133247089262 0.10349288486416555 0.05821474773609317
17 0.4864165588615783 0.6235446313065978 0.11039241052177673 0.07244501940491588
17 0.3294523501509271 0.5756791720569211 0.1241914618369987 0.06209573091849926
17 0.3510133678309616 0.6267787839586029 0.10521776627856831 0.0685640362225098
17 0.37861147046140575 0.8615782664941785 0.10866752910737382 0.10608020698576964
17 0.48814144027598105 0.8680465717981889 0.09659335920655458 0.1086675291073739
17 0.5950840879689521 0.7839586028460543 0.11384217335058225 0.09831824062095734
17 0.599396291504959 0.8395860284605433 0.10176800344976293 0.06727037516170768
17 0.6002587322121604 0.9003880983182406 0.09659335920655465 0.06727037516170768
