2 0.3294523501509271 0.5633893919793015 0.12764122466580427 0.040103492884864166
2 0.3398016386373437 0.5045278137128072 0.13109098749460973 0.06468305304010351
2 0.3786114704614058 0.39521345407503233 0.11556705476498493 0.073738680465718
2 0.3777490297542044 0.44501940491591196 0.11039241052177658 0.031047865459249594
2 0.49762828805519616 0.3984476067270375 0.11556705476498501 0.08279430789133244
2 0.4907287623975851 0.45084087968952136 0.11556705476498493 0.03234152652005171
2 0.4898663216903838 0.47865459249676584 0.10694264769297107 0.036222509702458015
2 0.4864165588615782 0.5148771021992238 0.10349288486416547 0.04657179818887443
2 0.4484691677447175 0.5756791720569211 0.11729193617938768 0.08279430789133244
2 0.6149202242345839 0.4107373868046572 0.12936610608020702 0.06597671410090562
2 0.6080206985769727 0.4605433376455369 0.1259163432514014 0.04398447606727039
2 0.5976714100905562 0.5265200517464425 0.12246658042259599 0.07761966364812416
2 0.5795601552393274 0.6203104786545925 0.15868909012505392 0.09961190168175939
