17 0.5200517464424321 0.7690815006468305 0.09831824062095734 0.10478654592496767
17 0.6140577835273825 0.7710219922380337 0.0827943078913325 0.10349288486416555
17 0.7003018542475204 0.6856403622250969 0.09659335920655451 0.07503234152651998
17 0.7089262613195342 0.7399741267787843 0.08969383354894317 0.04915912031047852
17 0.7020267356619232 0.7813712807244505 0.08279430789133256 0.05433376455368702
17 0.4708926261319528 0.5323415265200521 0.10349288486416555 0.053040103492884745
17 0.47261750754635623 0.4890038809831825 0.006899525657611036 0.015523932729624832
17 0.47347994825355755 0.5776196636481241 0.08451918930573527 0.0582147477360931
17 0.588184562311341 0.5717981888745148 0.08279430789133245 0.06209573091849952
17 0.5830099180681327 0.5265200517464425 0.07244501940491588 0.04915912031047867
17 0.7632600258732214 0.12548512289780073 0.0569210866752911 0.04139715394566629
17 0.6934023285899094 0.12289780077619664 0.06554549374730484 0.04657179818887453
17 0.6269943941354031 0.12225097024579559 0.0603708495040965 0.050452781371280724
17 0.7675722294092282 0.027166882276843465 0.06554549374730499 0.04657179818887451
17 0.6261319534282017 0.023932729624838292 0.06899525657611036 0.047865459249676584
17 0.6261319534282017 0.07309184993531695 0.06899525657611036 0.0426908150064683
17 0.696852091418715 0.07567917205692108 0.0655454937473047 0.05304010349288485
17 0.7641224665804225 0.07632600258732211 0.06554549374730484 0.05174644243208279
