2 0.7485985338507978 0.5957309184993531 0.15523932729624845 0.11772315653298833
2 0.5769728331177231 0.5847347994825356 0.15351444588184557 0.11125485122897792
2 0.6882276843467011 0.500646830530401 0.15523932729624831 0.09055627425614482
2 0.4372574385510996 0.5329883570504528 0.13281586890901254 0.0957309184993531
2 0.4398447606727038 0.5970245795601552 0.11384217335058217 0.04786545924967655
2 0.6442432082794308 0.38745148771021987 0.13281586890901254 0.07632600258732218
2 0.5226390685640362 0.39456662354463135 0.1345407503234152 0.06209573091849933
2 0.40620957309184996 0.407503234152652 0.14661492022423459 0.07503234152652005
2 0.4105217766278568 0.46442432082794305 0.1276412246658042 0.051746442432082776
2 0.53126347563605 0.45213454075032344 0.13109098749460985 0.03234152652005186
2 0.6468305304010346 0.43855109961190164 0.13109098749460962 0.03363518758085392
2 0.5329883570504528 0.48382923673997413 0.1138421733505821 0.036222509702458015
2 0.5364381198792578 0.5206985769728331 0.11039241052177629 0.03234152652005119
2 0.643380767572229 0.4715394566623543 0.11039241052177629 0.03234152652005119
