3 0.33635187580853815 0.39780077619663645 0.11384217335058221 0.1203104786545925
3 0.44415696420871065 0.39456662354463135 0.09486847779215182 0.11384217335058217
3 0.549374730487279 0.3926261319534282 0.09831824062095734 0.11254851228978005
3 0.6545924967658473 0.3932729624838292 0.09831824062095734 0.11642949547218627
3 0.7503234152652002 0.38874514877102206 0.09314359637774895 0.10737386804657185
3 0.8339801638637344 0.388745148771022 0.07761966364812423 0.10737386804657177
3 0.6666666666666667 0.5905562742561449 0.08106942647692968 0.11513583441138422
3 0.5640362225097024 0.591849935316947 0.07934454506252699 0.11513583441138422
3 0.47003018542475206 0.6009055627425615 0.07416990081931871 0.12031047865459264
3 0.3742992669253989 0.5996119016817594 0.08624407072013796 0.10737386804657191
