3 0.38551099611901685 0.3984476067270375 0.10176800344976286 0.1345407503234152
3 0.4890038809831823 0.3958602846054334 0.09831824062095727 0.12160413971539455
3 0.5847347994825356 0.3958602846054334 0.09314359637774906 0.1267787839586029
3 0.6761535144458819 0.3958602846054333 0.08969383354894354 0.11642949547218627
3 0.7589478223372143 0.39650711513583436 0.06554549374730499 0.10478654592496767
3 0.8382923673997413 0.3913324708926262 0.08624407072013796 0.10478654592496767
3 0.6847779215178957 0.5860284605433377 0.06899525657611036 0.10608020698576973
3 0.5916343251401466 0.5886157826649417 0.08279430789133244 0.11125485122897799
3 0.50625269512721 0.6047865459249677 0.07072013799051319 0.10996119016817602
3 0.4113842173350582 0.6086675291073739 0.07761966364812423 0.10737386804657184
