17 0.7727468736524363 0.018758085381630013 0.07244501940491588 0.029754204398447604
17 0.6166451056489867 0.018111254851228976 0.0638206123329021 0.03622250970245795
17 0.6200948684777922 0.06080206985769729 0.07072013799051312 0.04657179818887451
17 0.6977145321259164 0.06144890038809832 0.07072013799051319 0.047865459249676584
17 0.7701595515308323 0.05886157826649418 0.07072013799051319 0.045278137128072445
17 0.7675722294092282 0.11319534282018111 0.06209573091849919 0.05304010349288486
17 0.6942647692971109 0.11190168175937903 0.0603708495040965 0.042690815006468305
17 0.6175075463561881 0.11513583441138422 0.07244501940491581 0.05433376455368695
17 0.47003018542475206 0.53751617076326 0.10866752910737382 0.045278137128072514
17 0.4769297110823631 0.5886157826649417 0.0914187149633463 0.05692108667529105
17 0.5968089693833549 0.5355756791720568 0.09659335920655458 0.04398447606727039
17 0.5950840879689521 0.5815006468305305 0.08969383354894354 0.055627425614488926
17 0.5217766278568349 0.7878395860284606 0.0914187149633463 0.08796895213454065
17 0.6252695127210004 0.7833117723156533 0.10176800344976286 0.09184993531694687
17 0.7097887020267356 0.7011642949547218 0.09486847779215168 0.06727037516170768
17 0.717550668391548 0.7542043984476067 0.08279430789133244 0.04398447606727032
17 0.7192755498059509 0.7988357050452781 0.08969383354894361 0.05045278137128065
