17 0.3872358775334196 0.8311772315653299 0.08796895213454071 0.11513583441138422
17 0.4890038809831825 0.8544631306597671 0.10521776627856838 0.09961190168175932
17 0.5942216472617508 0.9023285899094436 0.10176800344976286 0.0582147477360931
17 0.5907718844329453 0.8479948253557568 0.10176800344976279 0.06338939197930131
17 0.5873221216041398 0.7871927554980596 0.1086675291073739 0.09184993531694702
17 0.4769297110823631 0.5750323415265199 0.10521776627856838 0.05562742561448907
17 0.3544631306597671 0.5659767141009056 0.10866752910737382 0.060802069857697205
17 0.3665373005605865 0.6157826649417852 0.10521776627856831 0.05692108667529098
17 0.48296679603277276 0.6241914618369987 0.09659335920655451 0.06597671410090548
17 0.6192324277705907 0.0776196636481242 0.09659335920655444 0.07244501940491592
17 0.5191893057352307 0.09184993531694696 0.093143596377749 0.06985769728331177
17 0.4441569642087107 0.10349288486416558 0.08796895213454071 0.059508408796895215
17 0.4398447606727038 0.03622250970245795 0.07934454506252692 0.0724450194049159
17 0.5217766278568348 0.03363518758085381 0.07761966364812416 0.059508408796895215
17 0.6071582578697715 0.02199223803363519 0.07244501940491581 0.04139715394566624
