2 0.6114704614057784 0.573738680465718 0.143165157395429 0.10478654592496774
2 0.46054333764553673 0.5549805950840876 0.12764122466580424 0.09831824062095737
2 0.333764553686934 0.5459249676584735 0.1259163432514014 0.046571798188874566
2 0.32427770590771887 0.4935316946959896 0.1414402759810263 0.08926261319534276
2 0.32514014661492024 0.4275549805950841 0.13626563173781803 0.040103492884864166
2 0.3191030616645106 0.3680465717981889 0.13109098749460973 0.08408796895213456
2 0.4570935748167313 0.4844760672703752 0.10694264769297107 0.0530401034928849
2 0.451918930573523 0.45472186287192756 0.11729193617938755 0.04269081500646834
2 0.4510564898663217 0.41720569210866754 0.11211729193617942 0.04786545924967655
2 0.4484691677447175 0.3654592496765847 0.11729193617938768 0.08667529107373867
2 0.5899094437257435 0.47994825355756804 0.11729193617938764 0.08020698576972855
2 0.574385510996119 0.4139715394566623 0.13799051315222072 0.031047865459249736
2 0.571798188874515 0.35963777490297544 0.1190168175937903 0.0698576972833117
