0 0.728125 0.6328125 0.11796875 0.2484375
0 0.5890625 0.5109375 0.09140625 0.153125
0 0.61171875 0.36015625 0.0546875 0.09921875
0 0.765625 0.45390625 0.09296875 0.14296875
0 0.5 0.4078125 0.06640625 0.0875
0 0.55 0.4171875 0.03359375 0.096875
0 0.4484375 0.3859375 0.04609375 0.08125
0 0.146875 0.86953125 0.21328125 0.2609375
0 0.5078125 0.70078125 0.1671875 0.2234375
0 0.19375 0.72578125 0.121875 0.1171875
0 0.33984375 0.69609375 0.06875 0.1109375
0 0.93984375 0.59296875 0.06171875 0.12578125
0 0.85546875 0.66171875 0.06796875 0.1265625