0 0.7046875 0.3328125 0.1546875 0.2640625
0 0.5859375 0.475 0.1140625 0.165625
0 0.63203125 0.6203125 0.0703125 0.10625
0 0.76953125 0.50390625 0.1140625 0.15625
0 0.5140625 0.59140625 0.0796875 0.096875
0 0.5625 0.57421875 0.0484375 0.1015625
0 0.4671875 0.62109375 0.0578125 0.0875
0 0.109375 0.190625 0.21875 0.290625
0 0.4765625 0.30078125 0.2 0.246875
0 0.1625 0.325 0.1390625 0.134375
0 0.3109375 0.33125 0.0859375 0.1203125
0 0.91953125 0.3390625 0.08125 0.134375
0 0.82578125 0.284375 0.0875 0.1359375