0 0.74609375 0.4046875 0.1546875 0.2640625
0 0.58984375 0.503125 0.1140625 0.165625
0 0.58828125 0.65546875 0.0703125 0.10625
0 0.75546875 0.58671875 0.1140625 0.15625
0 0.4859375 0.59140625 0.0796875 0.096875
0 0.53671875 0.58984375 0.0484375 0.1015625
0 0.43125 0.6046875 0.0578125 0.0875
0 0.20859375 0.1125 0.2515625 0.225
0 0.5390625 0.303125 0.2 0.246875
0 0.2328125 0.22890625 0.1390625 0.134375
0 0.37265625 0.28125 0.0859375 0.1203125
0 0.94921875 0.47734375 0.08125 0.134375
0 0.8765625 0.39609375 0.0875 0.1359375