0 0.83828125 0.8265625 0.1078125 0.1734375
0 0.76171875 0.7296875 0.0890625 0.1265625
0 0.70859375 0.65546875 0.0515625 0.1015625
0 0.68984375 0.5421875 0.0484375 0.0890625
0 0.5984375 0.51171875 0.04375 0.09375
0 0.57890625 0.61953125 0.0640625 0.11875
0 0.44140625 0.6828125 0.090625 0.20625
0 0.30625 0.61796875 0.0515625 0.09375
0 0.26484375 0.6703125 0.0859375 0.15625
0 0.159375 0.83984375 0.146875 0.278125
0 0.33984375 0.52421875 0.034375 0.08125
0 0.3609375 0.51796875 0.0234375 0.0546875
0 0.5296875 0.3953125 0.015625 0.0296875
0 0.596875 0.43046875 0.025 0.0546875
0 0.51484375 0.38125 0.0171875 0.028125
0 0.4859375 0.4671875 0.0265625 0.0765625