0 0.875 0.7828125 0.121875 0.18125
0 0.7875 0.69609375 0.1 0.1328125
0 0.72578125 0.62890625 0.059375 0.1046875
0 0.69375 0.51875 0.05625 0.0921875
0 0.59921875 0.5 0.0515625 0.096875
0 0.59296875 0.60859375 0.075 0.1234375
0 0.4640625 0.68828125 0.1078125 0.2125
0 0.32265625 0.640625 0.059375 0.0984375
0 0.2875 0.69765625 0.1 0.1640625
0 0.203125 0.8671875 0.16875 0.265625
0 0.34453125 0.54375 0.040625 0.084375
0 0.3640625 0.534375 0.028125 0.05625
0 0.5171875 0.3921875 0.01875 0.0296875
0 0.5875 0.41953125 0.0296875 0.05625
0 0.5 0.38046875 0.01875 0.0296875
0 0.48203125 0.46875 0.0328125 0.078125