0 0.15625 0.8203125 0.1046875 0.17109375
0 0.234375 0.725 0.08671875 0.125
0 0.2890625 0.6515625 0.04921875 0.10078125
0 0.309375 0.5390625 0.04765625 0.08828125
0 0.4015625 0.51015625 0.04140625 0.09296875
0 0.41875 0.61796875 0.0625 0.11796875
0 0.55546875 0.68359375 0.08671875 0.2046875
0 0.69140625 0.62109375 0.05 0.09296875
0 0.73203125 0.67421875 0.08359375 0.15546875
0 0.834375 0.84609375 0.14140625 0.27578125
0 0.659375 0.52734375 0.0328125 0.08125
0 0.6390625 0.5203125 0.02265625 0.05390625
0 0.471875 0.39453125 0.015625 0.02890625
0 0.4046875 0.42890625 0.02421875 0.05390625
0 0.4875 0.38125 0.01640625 0.02734375
0 0.51484375 0.4671875 0.025 0.0765625