0 0.51015625 0.7953125 0.1171875 0.2078125
0 0.60078125 0.74609375 0.0765625 0.153125
0 0.52265625 0.64140625 0.059375 0.0796875
0 0.6125 0.6390625 0.0828125 0.1
0 0.6625 0.584375 0.0671875 0.0875
0 0.2640625 0.85703125 0.18125 0.2625
0 0.15546875 0.70859375 0.1296875 0.2578125
0 0.40625 0.64453125 0.1359375 0.2046875
0 0.646875 0.92890625 0.171875 0.1421875
0 0.75625 0.896875 0.165625 0.20625
0 0.75 0.55390625 0.0421875 0.0671875
0 0.509375 0.559375 0.0796875 0.084375
0 0.7453125 0.65859375 0.0578125 0.0953125