0 0.49453125 0.7953125 0.128125 0.2140625
0 0.5875 0.75078125 0.084375 0.15625
0 0.51484375 0.6421875 0.0640625 0.0828125
0 0.6046875 0.64453125 0.0875 0.103125
0 0.6578125 0.59296875 0.071875 0.090625
0 0.2453125 0.84375 0.19375 0.2703125
0 0.1453125 0.68984375 0.1421875 0.2625
0 0.39921875 0.6390625 0.1453125 0.2109375
0 0.62421875 0.93046875 0.1796875 0.1390625
0 0.734375 0.9015625 0.175 0.196875
0 0.746875 0.5671875 0.0453125 0.06875
0 0.50625 0.56015625 0.084375 0.0890625
0 0.73671875 0.67109375 0.0625 0.0984375