0 0.5203125 0.79453125 0.11015625 0.2046875
0 0.609375 0.7421875 0.071875 0.15078125
0 0.52734375 0.640625 0.05703125 0.078125
0 0.6171875 0.63515625 0.0796875 0.096875
0 0.665625 0.57890625 0.06484375 0.08515625
0 0.2765625 0.86484375 0.17265625 0.25625
0 0.16328125 0.7203125 0.1203125 0.253125
0 0.41171875 0.64765625 0.12890625 0.20078125
0 0.6625 0.928125 0.1671875 0.14375
0 0.7703125 0.8890625 0.15859375 0.203125
0 0.7515625 0.5453125 0.03984375 0.065625
0 0.51171875 0.559375 0.07734375 0.08203125
0 0.75078125 0.65 0.0546875 0.09375