6 0.5078125 0.3953125 0.9 0.5125
0 0.4015625 0.15 0.0375 0.0828125
2 0.6234375 0.2890625 0.046875 0.08125
3 0.3265625 0.20625 0.0375 0.059375
1 0.46875 0.1296875 0.04375 0.11875
4 0.69375 0.1765625 0.0515625 0.103125
5 0.7546875 0.15 0.040625 0.0671875
7 0.3 0.3453125 0.0515625 0.0859375
9 0.2890625 0.4046875 0.05625 0.0859375
12 0.4671875 0.353125 0.046875 0.0734375
10 0.3765625 0.4859375 0.0453125 0.071875
10 0.653125 0.48125 0.0484375 0.0671875
10 0.7421875 0.4921875 0.0484375 0.06875
8 0.55625 0.5375 0.0625 0.1296875