7 0.3015625 0.34375 0.0484375 0.0875
12 0.4703125 0.3515625 0.0453125 0.078125
11 0.634375 0.4015625 0.053125 0.115625
9 0.821875 0.4109375 0.0671875 0.0828125
9 0.2921875 0.403125 0.0609375 0.084375
10 0.3796875 0.4859375 0.04375 0.0703125
10 0.559375 0.48125 0.040625 0.0671875
10 0.653125 0.48125 0.0453125 0.0671875
10 0.74375 0.4953125 0.0484375 0.06875
7 0.359375 0.553125 0.0546875 0.0921875
8 0.559375 0.5390625 0.0625 0.13125
12 0.8515625 0.546875 0.06875 0.0890625
2 0.6265625 0.2875 0.0484375 0.0828125
2 0.390625 0.2875 0.0484375 0.0796875
3 0.753125 0.19375 0.0359375 0.0609375
4 0.696875 0.178125 0.0484375 0.1046875
3 0.46875 0.2015625 0.034375 0.0609375
3 0.5390625 0.2015625 0.03125 0.0609375
3 0.33125 0.20625 0.0359375 0.0609375
0 0.40625 0.15 0.0390625 0.0859375
1 0.4703125 0.1265625 0.04375 0.11875
5 0.759375 0.1515625 0.0390625 0.0671875
6 0.5125 0.39375 0.896875 0.5125