10 0.34791666666666665 0.2921875 0.0375 0.0375
12 0.71875 0.240625 0.04375 0.0484375
8 0.33958333333333335 0.1875 0.05416666666666667 0.075
7 0.5666666666666667 0.290625 0.041666666666666664 0.046875
1 0.7291666666666666 0.571875 0.06458333333333334 0.046875
11 0.6458333333333334 0.23125 0.04791666666666667 0.0640625
4 0.40208333333333335 0.4453125 0.05416666666666667 0.0546875
3 0.2520833333333333 0.39375 0.041666666666666664 0.034375
10 0.4270833333333333 0.23125 0.03333333333333333 0.040625
0 0.6416666666666667 0.5703125 0.04583333333333333 0.0375
3 0.3333333333333333 0.39375 0.0375 0.034375
10 0.35208333333333336 0.24375 0.035416666666666666 0.0375
10 0.4895833333333333 0.3515625 0.03333333333333333 0.0359375
10 0.5645833333333333 0.4 0.03958333333333333 0.0359375
9 0.7208333333333333 0.4 0.05416666666666667 0.0421875
2 0.6416666666666667 0.3953125 0.04583333333333333 0.040625
10 0.7854166666666667 0.3453125 0.03958333333333333 0.0375
3 0.7958333333333333 0.4015625 0.03958333333333333 0.0359375
3 0.5666666666666667 0.4546875 0.03958333333333333 0.0328125
3 0.7125 0.4546875 0.0375 0.034375
3 0.6416666666666667 0.5125 0.03958333333333333 0.03125
3 0.40625 0.509375 0.03958333333333333 0.03125
5 0.4791666666666667 0.5625 0.04375 0.0375
5 0.2375 0.5765625 0.052083333333333336 0.0375
12 0.425 0.19375 0.04583333333333333 0.046875
10 0.63125 0.290625 0.035416666666666666 0.040625
6 0.5291666666666667 0.3953125 0.7125 0.4609375