8 0.73125 0.278125 0.052083333333333336 0.0890625
9 0.5958333333333333 0.3296875 0.041666666666666664 0.05625
9 0.5229166666666667 0.3625 0.03958333333333333 0.05625
7 0.6833333333333333 0.403125 0.04791666666666667 0.0625
11 0.6166666666666667 0.4390625 0.05416666666666667 0.0828125
12 0.75 0.36875 0.04791666666666667 0.0546875
12 0.8270833333333333 0.5515625 0.06666666666666667 0.0625
10 0.7270833333333333 0.559375 0.04791666666666667 0.0515625
10 0.7 0.496875 0.04375 0.0515625
10 0.66875 0.334375 0.035416666666666666 0.046875
10 0.65 0.26875 0.03125 0.0453125
10 0.65625 0.3 0.03333333333333333 0.0421875
10 0.5229166666666667 0.4078125 0.035416666666666666 0.0453125
10 0.5229166666666667 0.45 0.03958333333333333 0.046875
7 0.44375 0.49375 0.04791666666666667 0.0671875
3 0.25416666666666665 0.55625 0.05 0.053125
2 0.35208333333333336 0.45 0.05 0.0578125
2 0.29375 0.3640625 0.05 0.0546875
3 0.38333333333333336 0.26875 0.029166666666666667 0.040625
3 0.44583333333333336 0.3015625 0.03333333333333333 0.0453125
3 0.36875 0.36875 0.035416666666666666 0.046875
3 0.36666666666666664 0.409375 0.03958333333333333 0.046875
3 0.28125 0.446875 0.041666666666666664 0.0484375
3 0.26458333333333334 0.4984375 0.04583333333333333 0.05
0 0.28958333333333336 0.4 0.04375 0.0625
4 0.3020833333333333 0.31875 0.04791666666666667 0.075
0 0.30833333333333335 0.290625 0.041666666666666664 0.0640625
5 0.25625 0.2640625 0.035416666666666666 0.0484375
5 0.1875 0.44375 0.058333333333333334 0.059375
1 0.16875 0.4828125 0.08125 0.0953125
6 0.4875 0.4390625 0.8645833333333334 0.3640625