8 0.26875 0.278125 0.052083333333333336 0.0890625
9 0.4041666666666667 0.3296875 0.041666666666666664 0.05625
9 0.47708333333333336 0.3625 0.03958333333333333 0.05625
7 0.31666666666666665 0.403125 0.04791666666666667 0.0625
11 0.38333333333333336 0.4390625 0.05416666666666667 0.0828125
12 0.25 0.36875 0.04791666666666667 0.0546875
12 0.17291666666666666 0.5515625 0.06666666666666667 0.0625
10 0.27291666666666664 0.559375 0.04791666666666667 0.0515625
10 0.3 0.496875 0.04375 0.0515625
10 0.33125 0.334375 0.035416666666666666 0.046875
10 0.35 0.26875 0.03125 0.0453125
10 0.34375 0.3 0.03333333333333333 0.0421875
10 0.47708333333333336 0.4078125 0.035416666666666666 0.0453125
10 0.47708333333333336 0.45 0.03958333333333333 0.046875
7 0.55625 0.49375 0.04791666666666667 0.0671875
3 0.7458333333333333 0.55625 0.05 0.053125
2 0.6479166666666667 0.45 0.05 0.0578125
2 0.70625 0.3640625 0.05 0.0546875
3 0.6166666666666667 0.26875 0.029166666666666667 0.040625
3 0.5541666666666667 0.3015625 0.03333333333333333 0.0453125
3 0.63125 0.36875 0.035416666666666666 0.046875
3 0.6333333333333333 0.409375 0.03958333333333333 0.046875
3 0.71875 0.446875 0.041666666666666664 0.0484375
3 0.7354166666666667 0.4984375 0.04583333333333333 0.05
0 0.7104166666666667 0.4 0.04375 0.0625
4 0.6979166666666666 0.31875 0.04791666666666667 0.075
0 0.6916666666666667 0.290625 0.041666666666666664 0.0640625
5 0.74375 0.2640625 0.035416666666666666 0.0484375
5 0.8125 0.44375 0.058333333333333334 0.059375
1 0.83125 0.4828125 0.08125 0.0953125
6 0.5125 0.4390625 0.8645833333333334 0.3640625