6 0.4890625 0.3921875 0.8921875 0.5078125
8 0.4421875 0.5390625 0.065625 0.1296875
9 0.7109375 0.403125 0.059375 0.0828125
11 0.36875 0.4 0.053125 0.109375
12 0.5328125 0.35 0.0453125 0.06875
10 0.6234375 0.4875 0.046875 0.0703125
10 0.3484375 0.48125 0.0453125 0.0671875
10 0.259375 0.4953125 0.0453125 0.06875
9 0.1828125 0.4109375 0.0640625 0.0828125
10 0.440625 0.48125 0.0453125 0.0640625
7 0.7 0.34375 0.05 0.0859375
2 0.6109375 0.2875 0.0453125 0.0765625
4 0.303125 0.175 0.0453125 0.1046875
2 0.375 0.2875 0.046875 0.0828125
5 0.24375 0.15 0.0390625 0.065625
3 0.2484375 0.19375 0.0375 0.0609375
1 0.53125 0.1296875 0.04375 0.1203125
3 0.5328125 0.2015625 0.034375 0.059375
3 0.671875 0.20625 0.0359375 0.0609375
3 0.4640625 0.203125 0.0328125 0.059375
12 0.15 0.5453125 0.0671875 0.084375
7 0.6015625 0.15 0.0375 0.0859375
7 0.640625 0.5515625 0.053125 0.0953125