6 0.47291666666666665 0.39375 0.7125 0.459375
12 0.7291666666666666 0.1921875 0.04375 0.05
12 0.22291666666666668 0.190625 0.04375 0.0484375
9 0.6541666666666667 0.1890625 0.03958333333333333 0.0578125
9 0.29583333333333334 0.1875 0.03958333333333333 0.0546875
7 0.58125 0.190625 0.03958333333333333 0.053125
7 0.36666666666666664 0.1859375 0.03958333333333333 0.053125
8 0.5104166666666666 0.1796875 0.04791666666666667 0.0765625
11 0.44375 0.184375 0.04583333333333333 0.065625
10 0.7291666666666666 0.2453125 0.04375 0.040625
10 0.6604166666666667 0.2453125 0.03958333333333333 0.0390625
10 0.58125 0.2390625 0.035416666666666666 0.040625
10 0.5145833333333333 0.246875 0.035416666666666666 0.0421875
10 0.4395833333333333 0.24375 0.0375 0.040625
10 0.36666666666666664 0.240625 0.035416666666666666 0.040625
10 0.29791666666666666 0.246875 0.035416666666666666 0.040625
10 0.225 0.246875 0.0375 0.040625
3 0.75625 0.5078125 0.04375 0.0328125
3 0.6729166666666667 0.5125 0.03958333333333333 0.0328125
3 0.5958333333333333 0.509375 0.03958333333333333 0.0328125
3 0.5229166666666667 0.509375 0.03958333333333333 0.03125
3 0.4395833333333333 0.5125 0.0375 0.0359375
3 0.3645833333333333 0.5140625 0.03958333333333333 0.0328125
3 0.2875 0.5125 0.041666666666666664 0.034375
3 0.2 0.5140625 0.041666666666666664 0.03125
5 0.7666666666666667 0.5765625 0.052083333333333336 0.0375
5 0.19791666666666666 0.571875 0.05416666666666667 0.040625
2 0.6791666666666667 0.5640625 0.04791666666666667 0.040625
2 0.2833333333333333 0.5671875 0.05 0.0421875
0 0.5979166666666667 0.56875 0.04583333333333333 0.0359375
0 0.36041666666666666 0.5671875 0.04583333333333333 0.0375
1 0.5270833333333333 0.5640625 0.052083333333333336 0.046875
4 0.44166666666666665 0.565625 0.05 0.046875