10 0.5729166666666666 0.2328125 0.03333333333333333 0.0375
2 0.35833333333333334 0.39375 0.04791666666666667 0.04375
10 0.6479166666666667 0.2421875 0.0375 0.0375
8 0.6583333333333333 0.1890625 0.05625 0.071875
4 0.5979166666666667 0.44375 0.05416666666666667 0.0546875
12 0.2875 0.190625 0.03958333333333333 0.0484375
7 0.43333333333333335 0.290625 0.041666666666666664 0.0484375
3 0.7458333333333333 0.3921875 0.041666666666666664 0.0328125
12 0.28125 0.240625 0.041666666666666664 0.046875
10 0.65 0.2921875 0.035416666666666666 0.0375
1 0.35833333333333334 0.503125 0.052083333333333336 0.05
10 0.21458333333333332 0.3453125 0.03958333333333333 0.0390625
11 0.3541666666666667 0.23125 0.05416666666666667 0.065625
6 0.4708333333333333 0.396875 0.7125 0.4640625
10 0.5083333333333333 0.3515625 0.035416666666666666 0.0375
10 0.4354166666666667 0.4 0.03958333333333333 0.0359375
10 0.36666666666666664 0.290625 0.03958333333333333 0.0390625
3 0.2875 0.4546875 0.03958333333333333 0.034375
3 0.20208333333333334 0.4015625 0.03958333333333333 0.034375
3 0.43333333333333335 0.453125 0.03958333333333333 0.03125
3 0.59375 0.5109375 0.03958333333333333 0.03125
3 0.6625 0.3421875 0.035416666666666666 0.0375
5 0.7604166666666666 0.575 0.052083333333333336 0.0390625
5 0.5208333333333334 0.5609375 0.04375 0.0375
0 0.35833333333333334 0.56875 0.04791666666666667 0.0359375