7 0.6984375 0.34375 0.0484375 0.0875
12 0.5296875 0.3515625 0.0453125 0.078125
11 0.365625 0.4015625 0.053125 0.115625
9 0.178125 0.4109375 0.0671875 0.0828125
9 0.7078125 0.403125 0.0609375 0.084375
10 0.6203125 0.4859375 0.04375 0.0703125
10 0.440625 0.48125 0.040625 0.0671875
10 0.346875 0.48125 0.0453125 0.0671875
10 0.25625 0.4953125 0.0484375 0.06875
7 0.640625 0.553125 0.0546875 0.0921875
8 0.440625 0.5390625 0.0625 0.13125
12 0.1484375 0.546875 0.06875 0.0890625
2 0.3734375 0.2875 0.0484375 0.0828125
2 0.609375 0.2875 0.0484375 0.0796875
3 0.246875 0.19375 0.0359375 0.0609375
4 0.303125 0.178125 0.0484375 0.1046875
3 0.53125 0.2015625 0.034375 0.0609375
3 0.4609375 0.2015625 0.03125 0.0609375
3 0.66875 0.20625 0.0359375 0.0609375
0 0.59375 0.15 0.0390625 0.0859375
1 0.5296875 0.1265625 0.04375 0.11875
5 0.240625 0.1515625 0.0390625 0.0671875
6 0.4875 0.39375 0.896875 0.5125