6 0.4666666666666667 0.39375 0.7125 0.459375
8 0.6583333333333333 0.1875 0.058333333333333334 0.075
10 0.5729166666666666 0.2328125 0.035416666666666666 0.040625
10 0.6479166666666667 0.24375 0.035416666666666666 0.0390625
11 0.35833333333333334 0.23125 0.05 0.0640625
12 0.5208333333333334 0.5609375 0.04375 0.0359375
10 0.36875 0.2921875 0.035416666666666666 0.0390625
10 0.21458333333333332 0.3453125 0.041666666666666664 0.0375
10 0.5104166666666666 0.353125 0.035416666666666666 0.0359375
10 0.4354166666666667 0.4 0.035416666666666666 0.034375
3 0.6541666666666667 0.2953125 0.03958333333333333 0.0375
3 0.6625 0.3421875 0.041666666666666664 0.0375
4 0.5958333333333333 0.44375 0.05416666666666667 0.053125
3 0.43333333333333335 0.4546875 0.035416666666666666 0.0328125
2 0.35833333333333334 0.3953125 0.04583333333333333 0.04375
3 0.20416666666666666 0.4015625 0.041666666666666664 0.034375
3 0.59375 0.5109375 0.03958333333333333 0.034375
1 0.5208333333333334 0.4984375 0.05 0.0515625
7 0.2875 0.39375 0.04583333333333333 0.04375