8 0.7453125 0.2515625 0.0578125 0.11875
9 0.596875 0.2734375 0.0453125 0.0734375
9 0.525 0.315625 0.04375 0.071875
7 0.790625 0.43125 0.05625 0.0875
11 0.61875 0.41875 0.05625 0.10625
12 0.753125 0.325 0.0484375 0.071875
12 0.828125 0.5703125 0.0671875 0.0875
10 0.728125 0.58125 0.0515625 0.06875
10 0.7 0.4953125 0.0421875 0.0671875
10 0.6703125 0.2796875 0.0359375 0.059375
10 0.65 0.190625 0.0328125 0.05625
10 0.6578125 0.2359375 0.0390625 0.0578125
10 0.525 0.375 0.0390625 0.0609375
10 0.525 0.43125 0.0421875 0.0609375
7 0.4453125 0.490625 0.0484375 0.0875
3 0.2546875 0.5765625 0.05 0.071875
2 0.3546875 0.434375 0.053125 0.0765625
2 0.29375 0.3203125 0.05 0.075
3 0.384375 0.1921875 0.03125 0.0578125
3 0.446875 0.2375 0.03125 0.05625
3 0.36875 0.325 0.0359375 0.0625
3 0.3671875 0.3796875 0.0421875 0.059375
3 0.28125 0.428125 0.04375 0.065625
3 0.2640625 0.4984375 0.0453125 0.06875
0 0.1859375 0.4234375 0.059375 0.0875
4 0.303125 0.259375 0.05 0.1015625
0 0.23125 0.2671875 0.04375 0.084375
5 0.2578125 0.1859375 0.0359375 0.0640625
5 0.1484375 0.565625 0.0625 0.0875
1 0.2 0.3515625 0.06875 0.128125
6 0.4890625 0.41875 0.871875 0.4859375