6 0.49166666666666664 0.4375 0.86875 0.365625
5 0.7229166666666667 0.265625 0.035416666666666666 0.05
5 0.8354166666666667 0.553125 0.06666666666666667 0.0640625
2 0.7291666666666666 0.2953125 0.03958333333333333 0.0578125
2 0.8145833333333333 0.5 0.06041666666666667 0.0671875
0 0.74375 0.3234375 0.04375 0.0625
0 0.7958333333333333 0.446875 0.05625 0.06875
1 0.7625 0.353125 0.06041666666666667 0.090625
4 0.78125 0.396875 0.06666666666666667 0.0796875
3 0.6520833333333333 0.2703125 0.03125 0.040625
3 0.6625 0.3 0.035416666666666666 0.046875
3 0.6708333333333333 0.3359375 0.0375 0.0453125
3 0.675 0.371875 0.041666666666666664 0.046875
3 0.68125 0.4125 0.03958333333333333 0.0484375
3 0.6916666666666667 0.45625 0.041666666666666664 0.0484375
3 0.7041666666666667 0.503125 0.04583333333333333 0.05
3 0.725 0.5640625 0.04791666666666667 0.053125
10 0.32916666666666666 0.2671875 0.03125 0.040625
10 0.3145833333333333 0.3015625 0.03333333333333333 0.04375
10 0.30416666666666664 0.33125 0.03333333333333333 0.0453125
10 0.3125 0.3703125 0.0375 0.046875
10 0.29375 0.4046875 0.0375 0.0453125
10 0.29375 0.4453125 0.04375 0.05
10 0.26666666666666666 0.4953125 0.04583333333333333 0.0515625
10 0.2625 0.5609375 0.04791666666666667 0.0546875
12 0.25625 0.2640625 0.03958333333333333 0.046875
12 0.15833333333333333 0.553125 0.058333333333333334 0.0671875
9 0.17291666666666666 0.4953125 0.058333333333333334 0.0703125
9 0.24583333333333332 0.29375 0.041666666666666664 0.0578125
7 0.19375 0.4453125 0.05416666666666667 0.06875
7 0.225 0.328125 0.05 0.0609375
11 0.20416666666666666 0.39375 0.0625 0.08125
8 0.21458333333333332 0.35 0.06041666666666667 0.0953125