6 0.5125 0.41875 0.8895833333333333 0.3796875
8 0.5604166666666667 0.528125 0.06458333333333334 0.1
12 0.46875 0.3890625 0.04791666666666667 0.0578125
10 0.5604166666666667 0.4859375 0.04583333333333333 0.05
10 0.6520833333333333 0.4859375 0.04583333333333333 0.0515625
10 0.7416666666666667 0.4953125 0.04791666666666667 0.053125
10 0.37916666666666665 0.4890625 0.04791666666666667 0.0546875
9 0.2916666666666667 0.4265625 0.058333333333333334 0.0625
7 0.3020833333333333 0.384375 0.05 0.0640625
2 0.625 0.340625 0.04583333333333333 0.0625
3 0.33125 0.2796875 0.035416666666666666 0.046875
4 0.69375 0.2578125 0.04791666666666667 0.075
0 0.4041666666666667 0.2359375 0.03958333333333333 0.0625
1 0.4708333333333333 0.221875 0.04375 0.090625
5 0.75625 0.2375 0.041666666666666664 0.05