6 0.4765625 0.359375 0.7109375 0.615625
12 0.728125 0.0890625 0.046875 0.065625
12 0.2234375 0.0875 0.0484375 0.0671875
9 0.653125 0.084375 0.040625 0.075
9 0.2953125 0.08125 0.0390625 0.0765625
7 0.5796875 0.0875 0.040625 0.06875
7 0.365625 0.08125 0.0390625 0.0703125
8 0.5109375 0.075 0.046875 0.1015625
11 0.44375 0.0796875 0.0453125 0.0890625
10 0.728125 0.159375 0.0390625 0.0515625
10 0.6578125 0.1609375 0.0359375 0.0515625
10 0.58125 0.1515625 0.0359375 0.0546875
10 0.5140625 0.1640625 0.034375 0.0515625
10 0.4421875 0.1578125 0.034375 0.053125
10 0.3671875 0.1546875 0.0359375 0.053125
10 0.2984375 0.1640625 0.0375 0.0578125
10 0.225 0.1625 0.0375 0.053125
3 0.75625 0.5125 0.0421875 0.040625
3 0.6734375 0.5171875 0.0375 0.0421875
3 0.596875 0.5140625 0.0375 0.040625
3 0.521875 0.5140625 0.0375 0.040625
3 0.440625 0.5171875 0.0375 0.040625
3 0.3640625 0.5203125 0.0390625 0.04375
3 0.2890625 0.515625 0.0390625 0.040625
3 0.2 0.5171875 0.04375 0.04375
5 0.765625 0.6015625 0.05 0.05
5 0.1984375 0.5953125 0.053125 0.053125
2 0.6796875 0.5859375 0.0484375 0.053125
2 0.284375 0.590625 0.046875 0.053125
0 0.5984375 0.5921875 0.046875 0.0484375
0 0.3625 0.5890625 0.04375 0.0484375
1 0.528125 0.5859375 0.0515625 0.0625
4 0.4421875 0.5875 0.05 0.0640625