6 0.490625 0.4171875 0.8671875 0.4859375
5 0.259375 0.1859375 0.0375 0.0625
5 0.1515625 0.565625 0.065625 0.0875
2 0.240625 0.225 0.046875 0.0703125
2 0.1703125 0.4984375 0.0703125 0.084375
0 0.2328125 0.265625 0.04375 0.0765625
0 0.1875 0.421875 0.05625 0.0890625
4 0.2140625 0.303125 0.059375 0.1046875
1 0.2015625 0.3515625 0.06875 0.121875
3 0.315625 0.2359375 0.034375 0.059375
3 0.321875 0.1890625 0.03125 0.0578125
3 0.303125 0.275 0.040625 0.0609375
3 0.296875 0.325 0.0390625 0.059375
3 0.284375 0.3796875 0.04375 0.0625
3 0.284375 0.4296875 0.040625 0.06875
3 0.2671875 0.4984375 0.0453125 0.0671875
3 0.2578125 0.575 0.053125 0.06875
10 0.653125 0.1921875 0.034375 0.059375
10 0.6609375 0.2359375 0.0375 0.059375
10 0.6703125 0.28125 0.0375 0.059375
10 0.6765625 0.3296875 0.0390625 0.0640625
10 0.684375 0.3765625 0.0421875 0.0609375
10 0.7015625 0.4375 0.04375 0.0640625
10 0.703125 0.496875 0.0453125 0.0671875
10 0.7296875 0.58125 0.05 0.0703125
12 0.7203125 0.1890625 0.0421875 0.0671875
12 0.8296875 0.571875 0.06875 0.0875
9 0.80625 0.4921875 0.06875 0.08125
9 0.7328125 0.228125 0.05 0.0734375
7 0.7921875 0.4296875 0.0546875 0.0890625
7 0.7390625 0.2640625 0.0515625 0.08125
11 0.7578125 0.3046875 0.0578125 0.103125
8 0.7765625 0.35 0.06875 0.121875