6 0.4708333333333333 0.39375 0.7104166666666667 0.4609375
8 0.6583333333333333 0.1890625 0.05625 0.075
10 0.6479166666666667 0.2921875 0.035416666666666666 0.0359375
10 0.6479166666666667 0.2421875 0.035416666666666666 0.0390625
10 0.5708333333333333 0.2328125 0.035416666666666666 0.0390625
10 0.36875 0.290625 0.035416666666666666 0.0375
10 0.21458333333333332 0.3453125 0.041666666666666664 0.0375
10 0.5083333333333333 0.3515625 0.035416666666666666 0.0359375
10 0.4354166666666667 0.4 0.03958333333333333 0.0359375
11 0.35625 0.23125 0.04791666666666667 0.065625
7 0.43333333333333335 0.290625 0.03958333333333333 0.046875
2 0.35625 0.39375 0.04583333333333333 0.0421875
3 0.20208333333333334 0.4015625 0.03958333333333333 0.0359375
3 0.43333333333333335 0.453125 0.03958333333333333 0.03125
3 0.59375 0.509375 0.035416666666666666 0.0328125
3 0.6625 0.3421875 0.03958333333333333 0.0375
3 0.7479166666666667 0.3921875 0.041666666666666664 0.0375
5 0.7604166666666666 0.575 0.04791666666666667 0.0390625
5 0.5208333333333334 0.5625 0.04375 0.0359375
1 0.35833333333333334 0.503125 0.05416666666666667 0.0515625
4 0.5958333333333333 0.44375 0.052083333333333336 0.053125
12 0.2875 0.190625 0.04375 0.0484375
12 0.27708333333333335 0.45625 0.05 0.040625
0 0.35833333333333334 0.56875 0.04375 0.0359375