8 0.2546875 0.2515625 0.0578125 0.11875
9 0.403125 0.2734375 0.0453125 0.0734375
9 0.475 0.315625 0.04375 0.071875
7 0.209375 0.43125 0.05625 0.0875
11 0.38125 0.41875 0.05625 0.10625
12 0.246875 0.325 0.0484375 0.071875
12 0.171875 0.5703125 0.0671875 0.0875
10 0.271875 0.58125 0.0515625 0.06875
10 0.3 0.4953125 0.0421875 0.0671875
10 0.3296875 0.2796875 0.0359375 0.059375
10 0.35 0.190625 0.0328125 0.05625
10 0.3421875 0.2359375 0.0390625 0.0578125
10 0.475 0.375 0.0390625 0.0609375
10 0.475 0.43125 0.0421875 0.0609375
7 0.5546875 0.490625 0.0484375 0.0875
3 0.7453125 0.5765625 0.05 0.071875
2 0.6453125 0.434375 0.053125 0.0765625
2 0.70625 0.3203125 0.05 0.075
3 0.615625 0.1921875 0.03125 0.0578125
3 0.553125 0.2375 0.03125 0.05625
3 0.63125 0.325 0.0359375 0.0625
3 0.6328125 0.3796875 0.0421875 0.059375
3 0.71875 0.428125 0.04375 0.065625
3 0.7359375 0.4984375 0.0453125 0.06875
0 0.8140625 0.4234375 0.059375 0.0875
4 0.696875 0.259375 0.05 0.1015625
0 0.76875 0.2671875 0.04375 0.084375
5 0.7421875 0.1859375 0.0359375 0.0640625
5 0.8515625 0.565625 0.0625 0.0875
1 0.8 0.3515625 0.06875 0.128125
6 0.5109375 0.41875 0.871875 0.4859375