6 0.5296875 0.3625 0.7109375 0.6171875
1 0.4828125 0.5 0.0484375 0.0671875
3 0.4046875 0.5140625 0.0421875 0.04375
3 0.565625 0.4375 0.0359375 0.0421875
4 0.403125 0.4265625 0.0546875 0.0703125
3 0.3359375 0.2875 0.0359375 0.046875
2 0.6421875 0.359375 0.0484375 0.0578125
3 0.7953125 0.36875 0.04375 0.0453125
10 0.7859375 0.2953125 0.0390625 0.0484375
10 0.4890625 0.303125 0.040625 0.0484375
7 0.7125 0.359375 0.0453125 0.05625
11 0.64375 0.1421875 0.0453125 0.0828125
10 0.3515625 0.1578125 0.0390625 0.0546875
10 0.425 0.1453125 0.04375 0.05
8 0.340625 0.084375 0.0578125 0.1
12 0.4796875 0.5828125 0.04375 0.046875
10 0.63125 0.221875 0.0359375 0.05
10 0.5640625 0.3671875 0.0359375 0.046875
3 0.3453125 0.2265625 0.0390625 0.0484375