6 0.5234375 0.359375 0.7109375 0.615625
12 0.271875 0.0890625 0.046875 0.065625
12 0.7765625 0.0875 0.0484375 0.0671875
9 0.346875 0.084375 0.040625 0.075
9 0.7046875 0.08125 0.0390625 0.0765625
7 0.4203125 0.0875 0.040625 0.06875
7 0.634375 0.08125 0.0390625 0.0703125
8 0.4890625 0.075 0.046875 0.1015625
11 0.55625 0.0796875 0.0453125 0.0890625
10 0.271875 0.159375 0.0390625 0.0515625
10 0.3421875 0.1609375 0.0359375 0.0515625
10 0.41875 0.1515625 0.0359375 0.0546875
10 0.4859375 0.1640625 0.034375 0.0515625
10 0.5578125 0.1578125 0.034375 0.053125
10 0.6328125 0.1546875 0.0359375 0.053125
10 0.7015625 0.1640625 0.0375 0.0578125
10 0.775 0.1625 0.0375 0.053125
3 0.24375 0.5125 0.0421875 0.040625
3 0.3265625 0.5171875 0.0375 0.0421875
3 0.403125 0.5140625 0.0375 0.040625
3 0.478125 0.5140625 0.0375 0.040625
3 0.559375 0.5171875 0.0375 0.040625
3 0.6359375 0.5203125 0.0390625 0.04375
3 0.7109375 0.515625 0.0390625 0.040625
3 0.8 0.5171875 0.04375 0.04375
5 0.234375 0.6015625 0.05 0.05
5 0.8015625 0.5953125 0.053125 0.053125
2 0.3203125 0.5859375 0.0484375 0.053125
2 0.715625 0.590625 0.046875 0.053125
0 0.4015625 0.5921875 0.046875 0.0484375
0 0.6375 0.5890625 0.04375 0.0484375
1 0.471875 0.5859375 0.0515625 0.0625
4 0.5578125 0.5875 0.05 0.0640625