6 0.5083333333333333 0.4375 0.86875 0.365625
5 0.27708333333333335 0.265625 0.035416666666666666 0.05
5 0.16458333333333333 0.553125 0.06666666666666667 0.0640625
2 0.2708333333333333 0.2953125 0.03958333333333333 0.0578125
2 0.18541666666666667 0.5 0.06041666666666667 0.0671875
0 0.25625 0.3234375 0.04375 0.0625
0 0.20416666666666666 0.446875 0.05625 0.06875
1 0.2375 0.353125 0.06041666666666667 0.090625
4 0.21875 0.396875 0.06666666666666667 0.0796875
3 0.34791666666666665 0.2703125 0.03125 0.040625
3 0.3375 0.3 0.035416666666666666 0.046875
3 0.32916666666666666 0.3359375 0.0375 0.0453125
3 0.325 0.371875 0.041666666666666664 0.046875
3 0.31875 0.4125 0.03958333333333333 0.0484375
3 0.30833333333333335 0.45625 0.041666666666666664 0.0484375
3 0.29583333333333334 0.503125 0.04583333333333333 0.05
3 0.275 0.5640625 0.04791666666666667 0.053125
10 0.6708333333333333 0.2671875 0.03125 0.040625
10 0.6854166666666667 0.3015625 0.03333333333333333 0.04375
10 0.6958333333333333 0.33125 0.03333333333333333 0.0453125
10 0.6875 0.3703125 0.0375 0.046875
10 0.70625 0.4046875 0.0375 0.0453125
10 0.70625 0.4453125 0.04375 0.05
10 0.7333333333333333 0.4953125 0.04583333333333333 0.0515625
10 0.7375 0.5609375 0.04791666666666667 0.0546875
12 0.74375 0.2640625 0.03958333333333333 0.046875
12 0.8416666666666667 0.553125 0.058333333333333334 0.0671875
9 0.8270833333333333 0.4953125 0.058333333333333334 0.0703125
9 0.7541666666666667 0.29375 0.041666666666666664 0.0578125
7 0.80625 0.4453125 0.05416666666666667 0.06875
7 0.775 0.328125 0.05 0.0609375
11 0.7958333333333333 0.39375 0.0625 0.08125
8 0.7854166666666667 0.35 0.06041666666666667 0.0953125