6 0.5125 0.41875 0.8958333333333334 0.3828125
0 0.4041666666666667 0.2359375 0.0375 0.0625
1 0.46875 0.221875 0.04375 0.090625
5 0.7583333333333333 0.2375 0.041666666666666664 0.0515625
3 0.33125 0.2796875 0.035416666666666666 0.0453125
3 0.46875 0.2765625 0.03333333333333333 0.046875
3 0.5416666666666666 0.2765625 0.03333333333333333 0.0484375
3 0.7541666666666667 0.271875 0.035416666666666666 0.0453125
4 0.6958333333333333 0.259375 0.04791666666666667 0.0765625
2 0.6291666666666667 0.340625 0.04583333333333333 0.0609375
2 0.38958333333333334 0.340625 0.05 0.0609375
12 0.4708333333333333 0.390625 0.04791666666666667 0.0578125
12 0.85 0.534375 0.06666666666666667 0.0671875
9 0.8208333333333333 0.4328125 0.06666666666666667 0.0640625
11 0.6333333333333333 0.425 0.05416666666666667 0.0859375
10 0.74375 0.4953125 0.04791666666666667 0.053125
10 0.5604166666666667 0.4875 0.041666666666666664 0.0515625
10 0.6541666666666667 0.4875 0.04375 0.0515625
10 0.37916666666666665 0.4890625 0.04583333333333333 0.053125
7 0.3020833333333333 0.384375 0.052083333333333336 0.065625
9 0.2916666666666667 0.4265625 0.058333333333333334 0.0609375
7 0.36041666666666666 0.5390625 0.058333333333333334 0.06875
8 0.5604166666666667 0.5296875 0.0625 0.0953125