6 0.5083333333333333 0.4375 0.86875 0.365625
5 0.7395833333333334 0.265625 0.035416666666666666 0.05
5 0.8479166666666667 0.5515625 0.0625 0.0640625
2 0.7583333333333333 0.2953125 0.04583333333333333 0.0546875
2 0.8291666666666667 0.4984375 0.06875 0.0625
0 0.7645833333333333 0.3265625 0.04375 0.0625
0 0.8125 0.4421875 0.05625 0.065625
1 0.7979166666666667 0.3921875 0.06666666666666667 0.0921875
4 0.7833333333333333 0.353125 0.0625 0.078125
3 0.6854166666666667 0.3 0.03333333333333333 0.0421875
3 0.6791666666666667 0.2671875 0.035416666666666666 0.040625
3 0.6958333333333333 0.3328125 0.03958333333333333 0.0484375
3 0.70625 0.3671875 0.041666666666666664 0.0453125
3 0.7166666666666667 0.4109375 0.03958333333333333 0.0484375
3 0.7145833333333333 0.4484375 0.041666666666666664 0.0484375
3 0.7333333333333333 0.4984375 0.04583333333333333 0.05
3 0.74375 0.5578125 0.04791666666666667 0.053125
10 0.34375 0.2671875 0.03125 0.040625
10 0.33958333333333335 0.3015625 0.0375 0.0453125
10 0.32708333333333334 0.3359375 0.03958333333333333 0.046875
10 0.3229166666666667 0.3703125 0.041666666666666664 0.046875
10 0.31666666666666665 0.4078125 0.041666666666666664 0.0453125
10 0.29791666666666666 0.453125 0.04375 0.05
10 0.29583333333333334 0.5 0.04583333333333333 0.0515625
10 0.2708333333333333 0.5625 0.04791666666666667 0.0546875
12 0.27708333333333335 0.2671875 0.04375 0.05
12 0.17083333333333334 0.553125 0.06458333333333334 0.0625
9 0.19583333333333333 0.496875 0.06458333333333334 0.0640625
9 0.26458333333333334 0.2953125 0.04791666666666667 0.053125
7 0.20625 0.45 0.05416666666666667 0.065625
7 0.2604166666666667 0.3265625 0.05 0.0609375
11 0.24375 0.3546875 0.06041666666666667 0.0796875
8 0.22291666666666668 0.3875 0.07083333333333333 0.090625