6 0.5296875 0.3625 0.7109375 0.6171875
1 0.6421875 0.5921875 0.05625 0.0625
5 0.559375 0.5890625 0.0421875 0.046875
3 0.4046875 0.5140625 0.0421875 0.04375
3 0.565625 0.4375 0.0359375 0.0421875
4 0.403125 0.4265625 0.0546875 0.0703125
3 0.2484375 0.4390625 0.0421875 0.04375
2 0.6421875 0.359375 0.0484375 0.0578125
3 0.7953125 0.36875 0.04375 0.0453125
10 0.7859375 0.2953125 0.0390625 0.0484375
10 0.4890625 0.303125 0.040625 0.0484375
7 0.565625 0.221875 0.0390625 0.0625
11 0.64375 0.1421875 0.0453125 0.0828125
10 0.3515625 0.1578125 0.0390625 0.0546875
10 0.425 0.1453125 0.04375 0.05
8 0.340625 0.084375 0.0578125 0.1
12 0.7 0.0859375 0.04375 0.0640625
3 0.3328125 0.359375 0.0359375 0.046875
10 0.63125 0.221875 0.0359375 0.05
10 0.5640625 0.3671875 0.0359375 0.046875
12 0.428125 0.09375 0.0375 0.0625
10 0.6390625 0.29375 0.0359375 0.0484375
5 0.2375 0.6015625 0.05 0.046875
3 0.4859375 0.4421875 0.0375 0.0453125
3 0.640625 0.5171875 0.0375 0.0421875
3 0.7125 0.4390625 0.0390625 0.0453125
0 0.7296875 0.50625 0.0484375 0.0515625
10 0.35 0.221875 0.0359375 0.0515625
9 0.40625 0.2234375 0.0484375 0.0609375