6 0.4703125 0.3609375 0.7109375 0.6140625
1 0.271875 0.5953125 0.065625 0.0609375
5 0.5234375 0.5828125 0.0421875 0.046875
3 0.5953125 0.5140625 0.0421875 0.04375
3 0.434375 0.4375 0.0359375 0.0421875
4 0.596875 0.4265625 0.0546875 0.0703125
3 0.746875 0.3578125 0.040625 0.0484375
2 0.3578125 0.359375 0.0484375 0.0578125
3 0.2046875 0.36875 0.04375 0.0453125
10 0.2140625 0.2953125 0.0390625 0.0484375
10 0.5109375 0.303125 0.040625 0.0484375
7 0.434375 0.221875 0.040625 0.0640625
11 0.35625 0.1421875 0.0453125 0.0828125
10 0.6484375 0.1578125 0.0390625 0.0546875
10 0.575 0.1453125 0.04375 0.05
8 0.659375 0.084375 0.0578125 0.1
12 0.28125 0.1546875 0.0453125 0.059375
3 0.6640625 0.2875 0.0359375 0.05
10 0.36875 0.221875 0.0359375 0.05
10 0.4359375 0.3671875 0.0359375 0.046875
0 0.3578125 0.5921875 0.0453125 0.0484375
10 0.65 0.2234375 0.0375 0.053125
12 0.2875 0.0875 0.0421875 0.065625
5 0.7625 0.6015625 0.0515625 0.0515625
3 0.2890625 0.440625 0.0375 0.046875
3 0.359375 0.5171875 0.0375 0.04375
9 0.28125 0.3671875 0.053125 0.0578125