10 0.4270833333333333 0.2328125 0.03333333333333333 0.0375
2 0.6416666666666667 0.39375 0.04791666666666667 0.04375
10 0.35208333333333336 0.2421875 0.0375 0.0375
8 0.3416666666666667 0.1890625 0.05625 0.071875
4 0.40208333333333335 0.44375 0.05416666666666667 0.0546875
12 0.7125 0.190625 0.03958333333333333 0.0484375
7 0.5666666666666667 0.290625 0.041666666666666664 0.0484375
3 0.25416666666666665 0.3921875 0.041666666666666664 0.0328125
12 0.71875 0.240625 0.041666666666666664 0.046875
10 0.35 0.2921875 0.035416666666666666 0.0375
1 0.6416666666666667 0.503125 0.052083333333333336 0.05
10 0.7854166666666667 0.3453125 0.03958333333333333 0.0390625
11 0.6458333333333334 0.23125 0.05416666666666667 0.065625
6 0.5291666666666667 0.396875 0.7125 0.4640625
10 0.49166666666666664 0.3515625 0.035416666666666666 0.0375
10 0.5645833333333333 0.4 0.03958333333333333 0.0359375
10 0.6333333333333333 0.290625 0.03958333333333333 0.0390625
3 0.7125 0.4546875 0.03958333333333333 0.034375
3 0.7979166666666667 0.4015625 0.03958333333333333 0.034375
3 0.5666666666666667 0.453125 0.03958333333333333 0.03125
3 0.40625 0.5109375 0.03958333333333333 0.03125
3 0.3375 0.3421875 0.035416666666666666 0.0375
5 0.23958333333333334 0.575 0.052083333333333336 0.0390625
5 0.4791666666666667 0.5609375 0.04375 0.0375
0 0.6416666666666667 0.56875 0.04791666666666667 0.0359375