6 0.5125 0.3921875 0.896875 0.5078125
7 0.3015625 0.34375 0.0484375 0.0875
12 0.4703125 0.3515625 0.0453125 0.078125
9 0.2921875 0.403125 0.0609375 0.084375
10 0.3796875 0.4859375 0.04375 0.0703125
10 0.653125 0.48125 0.0453125 0.0671875
10 0.74375 0.4953125 0.0484375 0.06875
8 0.559375 0.5390625 0.0625 0.13125
2 0.6265625 0.2875 0.0484375 0.0828125
4 0.696875 0.178125 0.0484375 0.1046875
3 0.33125 0.20625 0.0359375 0.0609375
0 0.40625 0.15 0.0390625 0.0859375
1 0.4703125 0.1265625 0.04375 0.11875
5 0.759375 0.1515625 0.0390625 0.0671875