6 0.4875 0.41875 0.8895833333333333 0.3796875
7 0.6416666666666667 0.5375 0.05416666666666667 0.071875
8 0.4395833333333333 0.528125 0.06458333333333334 0.1
12 0.15 0.5359375 0.06875 0.065625
12 0.53125 0.3890625 0.04791666666666667 0.0578125
10 0.4395833333333333 0.4859375 0.04583333333333333 0.05
10 0.34791666666666665 0.4859375 0.04583333333333333 0.0515625
10 0.25833333333333336 0.4953125 0.04791666666666667 0.053125
10 0.6208333333333333 0.4890625 0.04791666666666667 0.0546875
9 0.7083333333333334 0.4265625 0.058333333333333334 0.0625
9 0.18125 0.4328125 0.06458333333333334 0.0640625
11 0.36875 0.425 0.05416666666666667 0.0859375
7 0.6979166666666666 0.384375 0.05 0.0640625
2 0.375 0.340625 0.04583333333333333 0.0625
2 0.6104166666666667 0.340625 0.04791666666666667 0.0609375
3 0.66875 0.2796875 0.035416666666666666 0.046875
3 0.5333333333333333 0.2765625 0.035416666666666666 0.046875
3 0.46041666666666664 0.2765625 0.03333333333333333 0.0484375
3 0.24791666666666667 0.2703125 0.0375 0.0453125
4 0.30625 0.2578125 0.04791666666666667 0.075
0 0.5958333333333333 0.2359375 0.03958333333333333 0.0625
1 0.5291666666666667 0.221875 0.04375 0.090625
5 0.24375 0.2375 0.041666666666666664 0.05