10 0.6520833333333333 0.2921875 0.0375 0.0375
12 0.28125 0.240625 0.04375 0.0484375
8 0.6604166666666667 0.1875 0.05416666666666667 0.075
7 0.43333333333333335 0.290625 0.041666666666666664 0.046875
1 0.2708333333333333 0.571875 0.06458333333333334 0.046875
11 0.3541666666666667 0.23125 0.04791666666666667 0.0640625
4 0.5979166666666667 0.4453125 0.05416666666666667 0.0546875
3 0.7479166666666667 0.39375 0.041666666666666664 0.034375
10 0.5729166666666666 0.23125 0.03333333333333333 0.040625
0 0.35833333333333334 0.5703125 0.04583333333333333 0.0375
3 0.6666666666666666 0.39375 0.0375 0.034375
10 0.6479166666666667 0.24375 0.035416666666666666 0.0375
10 0.5104166666666666 0.3515625 0.03333333333333333 0.0359375
10 0.4354166666666667 0.4 0.03958333333333333 0.0359375
9 0.2791666666666667 0.4 0.05416666666666667 0.0421875
2 0.35833333333333334 0.3953125 0.04583333333333333 0.040625
10 0.21458333333333332 0.3453125 0.03958333333333333 0.0375
3 0.20416666666666666 0.4015625 0.03958333333333333 0.0359375
3 0.43333333333333335 0.4546875 0.03958333333333333 0.0328125
3 0.2875 0.4546875 0.0375 0.034375
3 0.35833333333333334 0.5125 0.03958333333333333 0.03125
3 0.59375 0.509375 0.03958333333333333 0.03125
5 0.5208333333333334 0.5625 0.04375 0.0375
5 0.7625 0.5765625 0.052083333333333336 0.0375
12 0.575 0.19375 0.04583333333333333 0.046875
10 0.36875 0.290625 0.035416666666666666 0.040625
6 0.4708333333333333 0.3953125 0.7125 0.4609375