6 0.5083333333333333 0.4203125 0.8979166666666667 0.38125
12 0.8479166666666667 0.5390625 0.07083333333333333 0.065625
12 0.15625 0.54375 0.06666666666666667 0.0640625
9 0.2708333333333333 0.5421875 0.06875 0.0671875
9 0.7604166666666666 0.5421875 0.06875 0.065625
7 0.35833333333333334 0.5375 0.05625 0.071875
7 0.65625 0.54375 0.058333333333333334 0.0703125
11 0.45416666666666666 0.5375 0.06041666666666667 0.0890625
8 0.5541666666666667 0.5296875 0.06458333333333334 0.0984375
10 0.8354166666666667 0.4890625 0.04583333333333333 0.0515625
10 0.7416666666666667 0.478125 0.04375 0.0515625
10 0.65 0.4859375 0.04583333333333333 0.05
10 0.5416666666666666 0.4828125 0.035416666666666666 0.0515625
10 0.45625 0.4828125 0.041666666666666664 0.046875
10 0.37916666666666665 0.4859375 0.04375 0.053125
10 0.27291666666666664 0.4859375 0.05 0.05
10 0.17291666666666666 0.4875 0.052083333333333336 0.0515625
5 0.75 0.2359375 0.041666666666666664 0.053125
5 0.25416666666666665 0.2421875 0.041666666666666664 0.0484375
2 0.32708333333333334 0.2390625 0.03958333333333333 0.0578125
2 0.6833333333333333 0.2390625 0.04375 0.05625
0 0.40208333333333335 0.2390625 0.03958333333333333 0.0625
0 0.6041666666666666 0.234375 0.035416666666666666 0.0640625
4 0.46875 0.23125 0.041666666666666664 0.075
1 0.5354166666666667 0.21875 0.041666666666666664 0.090625
3 0.25625 0.2765625 0.03333333333333333 0.0484375
3 0.32708333333333334 0.28125 0.035416666666666666 0.04375
3 0.4 0.2765625 0.035416666666666666 0.0453125
3 0.4666666666666667 0.2765625 0.03333333333333333 0.046875
3 0.5375 0.278125 0.03333333333333333 0.0453125
3 0.6104166666666667 0.275 0.035416666666666666 0.0453125
3 0.6833333333333333 0.2796875 0.035416666666666666 0.04375
3 0.7645833333333333 0.275 0.035416666666666666 0.04375