10 0.34791666666666665 0.29375 0.0375 0.0375
8 0.33958333333333335 0.1875 0.05416666666666667 0.075
1 0.6416666666666667 0.503125 0.05416666666666667 0.05
12 0.7145833333333333 0.190625 0.04375 0.05
10 0.4270833333333333 0.23125 0.035416666666666666 0.0390625
12 0.7208333333333333 0.4578125 0.04791666666666667 0.040625
4 0.40208333333333335 0.44375 0.05416666666666667 0.0546875
3 0.26458333333333334 0.34375 0.03958333333333333 0.0359375
9 0.6458333333333334 0.23125 0.04583333333333333 0.0640625
7 0.5645833333333333 0.2921875 0.03958333333333333 0.0453125
0 0.6395833333333333 0.5703125 0.04583333333333333 0.0375
3 0.33541666666666664 0.340625 0.0375 0.0359375
10 0.35208333333333336 0.24375 0.035416666666666666 0.0390625
10 0.7854166666666667 0.3453125 0.041666666666666664 0.0375
10 0.4895833333333333 0.3515625 0.035416666666666666 0.0359375
5 0.2375 0.5765625 0.05 0.034375
5 0.4791666666666667 0.5625 0.041666666666666664 0.0375
3 0.40625 0.5109375 0.03958333333333333 0.03125
3 0.5666666666666667 0.4546875 0.035416666666666666 0.03125
3 0.7958333333333333 0.4015625 0.041666666666666664 0.034375
2 0.6416666666666667 0.3953125 0.04583333333333333 0.0421875
10 0.5645833333333333 0.4 0.03958333333333333 0.034375
6 0.5270833333333333 0.3953125 0.7125 0.4625
10 0.63125 0.2921875 0.035416666666666666 0.0359375