12 0.846875 0.5515625 0.06875 0.084375
12 0.153125 0.559375 0.06875 0.084375
9 0.2703125 0.553125 0.0703125 0.090625
9 0.759375 0.5546875 0.071875 0.084375
7 0.3609375 0.5484375 0.0546875 0.0921875
7 0.6578125 0.5578125 0.0578125 0.09375
11 0.45625 0.5515625 0.059375 0.1203125
8 0.55625 0.5390625 0.0625 0.128125
10 0.834375 0.484375 0.053125 0.0671875
10 0.74375 0.471875 0.0453125 0.0703125
10 0.6515625 0.4796875 0.0453125 0.0671875
10 0.5421875 0.475 0.0375 0.0640625
10 0.45625 0.478125 0.0421875 0.0625
10 0.3796875 0.4796875 0.04375 0.0671875
10 0.275 0.4796875 0.046875 0.065625
10 0.1703125 0.4828125 0.05625 0.0671875
5 0.75 0.146875 0.040625 0.0640625
5 0.2546875 0.15625 0.04375 0.065625
2 0.3265625 0.1515625 0.046875 0.075
2 0.68125 0.1515625 0.04375 0.0765625
0 0.4 0.153125 0.0390625 0.078125
0 0.6046875 0.14375 0.0390625 0.08125
4 0.4671875 0.1390625 0.0421875 0.1
1 0.5359375 0.128125 0.0453125 0.1203125
3 0.2546875 0.2015625 0.0390625 0.0578125
3 0.325 0.2078125 0.0390625 0.059375
3 0.3984375 0.1984375 0.034375 0.0625
3 0.465625 0.2015625 0.0359375 0.0609375
3 0.5359375 0.203125 0.0375 0.0625
3 0.6125 0.2015625 0.0359375 0.0609375
3 0.6828125 0.2046875 0.0328125 0.059375
3 0.7640625 0.1984375 0.0390625 0.059375
6 0.509375 0.39375 0.896875 0.5109375