6 0.5109375 0.3921875 0.8921875 0.5078125
8 0.5578125 0.5390625 0.065625 0.1296875
9 0.2890625 0.403125 0.059375 0.0828125
11 0.63125 0.4 0.053125 0.109375
12 0.4671875 0.35 0.0453125 0.06875
10 0.3765625 0.4875 0.046875 0.0703125
10 0.6515625 0.48125 0.0453125 0.0671875
10 0.740625 0.4953125 0.0453125 0.06875
9 0.8171875 0.4109375 0.0640625 0.0828125
10 0.559375 0.48125 0.0453125 0.0640625
7 0.3 0.34375 0.05 0.0859375
2 0.3890625 0.2875 0.0453125 0.0765625
4 0.696875 0.175 0.0453125 0.1046875
2 0.625 0.2875 0.046875 0.0828125
5 0.75625 0.15 0.0390625 0.065625
3 0.7515625 0.19375 0.0375 0.0609375
1 0.46875 0.1296875 0.04375 0.1203125
3 0.4671875 0.2015625 0.034375 0.059375
3 0.328125 0.20625 0.0359375 0.0609375
3 0.5359375 0.203125 0.0328125 0.059375
12 0.85 0.5453125 0.0671875 0.084375
7 0.3984375 0.15 0.0375 0.0859375
7 0.359375 0.5515625 0.053125 0.0953125