6 0.5270833333333333 0.39375 0.7125 0.459375
12 0.2708333333333333 0.1921875 0.04375 0.05
12 0.7770833333333333 0.190625 0.04375 0.0484375
9 0.3458333333333333 0.1890625 0.03958333333333333 0.0578125
9 0.7041666666666667 0.1875 0.03958333333333333 0.0546875
7 0.41875 0.190625 0.03958333333333333 0.053125
7 0.6333333333333333 0.1859375 0.03958333333333333 0.053125
8 0.4895833333333333 0.1796875 0.04791666666666667 0.0765625
11 0.55625 0.184375 0.04583333333333333 0.065625
10 0.2708333333333333 0.2453125 0.04375 0.040625
10 0.33958333333333335 0.2453125 0.03958333333333333 0.0390625
10 0.41875 0.2390625 0.035416666666666666 0.040625
10 0.48541666666666666 0.246875 0.035416666666666666 0.0421875
10 0.5604166666666667 0.24375 0.0375 0.040625
10 0.6333333333333333 0.240625 0.035416666666666666 0.040625
10 0.7020833333333333 0.246875 0.035416666666666666 0.040625
10 0.775 0.246875 0.0375 0.040625
3 0.24375 0.5078125 0.04375 0.0328125
3 0.32708333333333334 0.5125 0.03958333333333333 0.0328125
3 0.4041666666666667 0.509375 0.03958333333333333 0.0328125
3 0.47708333333333336 0.509375 0.03958333333333333 0.03125
3 0.5604166666666667 0.5125 0.0375 0.0359375
3 0.6354166666666666 0.5140625 0.03958333333333333 0.0328125
3 0.7125 0.5125 0.041666666666666664 0.034375
3 0.8 0.5140625 0.041666666666666664 0.03125
5 0.23333333333333334 0.5765625 0.052083333333333336 0.0375
5 0.8020833333333334 0.571875 0.05416666666666667 0.040625
2 0.32083333333333336 0.5640625 0.04791666666666667 0.040625
2 0.7166666666666667 0.5671875 0.05 0.0421875
0 0.40208333333333335 0.56875 0.04583333333333333 0.0359375
0 0.6395833333333333 0.5671875 0.04583333333333333 0.0375
1 0.47291666666666665 0.5640625 0.052083333333333336 0.046875
4 0.5583333333333333 0.565625 0.05 0.046875