6 0.465625 0.3609375 0.703125 0.6140625
1 0.4453125 0.5953125 0.05 0.065625
5 0.5234375 0.5828125 0.04375 0.0484375
5 0.7640625 0.6 0.0515625 0.0484375
3 0.5953125 0.5140625 0.0421875 0.04375
3 0.434375 0.4375 0.0359375 0.0421875
4 0.596875 0.4265625 0.0546875 0.0703125
3 0.6625 0.290625 0.0390625 0.05
2 0.3578125 0.359375 0.0484375 0.0578125
3 0.2046875 0.36875 0.04375 0.0453125
10 0.2140625 0.2953125 0.0390625 0.0484375
10 0.5109375 0.303125 0.040625 0.0484375
7 0.434375 0.2203125 0.0390625 0.0640625
11 0.35625 0.1421875 0.0453125 0.0828125
12 0.36875 0.425 0.0421875 0.0578125
10 0.6484375 0.1578125 0.0390625 0.0546875
10 0.575 0.1453125 0.04375 0.05
8 0.659375 0.084375 0.0578125 0.1
12 0.2765625 0.6 0.05 0.05
3 0.7375 0.290625 0.0421875 0.0484375
10 0.36875 0.221875 0.0359375 0.05
10 0.4359375 0.3671875 0.0359375 0.046875
0 0.3578125 0.5921875 0.0453125 0.0484375
10 0.65 0.221875 0.0375 0.0515625