0 0.6865234375 0.9985358718749999 0.7958984375 0.9985358718749999 0.7900390625 0.956076134375 0.791015625 0.942898975 0.7958984375 0.93557833125 0.791015625 0.89311859375 0.7958984375 0.87408491875 0.794921875 0.8330893125 0.765625 0.746705709375 0.7646484375 0.724743778125 0.78125 0.6749633968750001 0.837890625 0.6149341140625 0.873046875 0.5578330890625 0.876953125 0.5475841875 0.875 0.54026354375 0.880859375 0.53587115625 0.8818359375 0.5241581265625 0.8876953125 0.51683748125 0.9013671875 0.47584187343749995 0.91015625 0.4289897515625 0.9228515625 0.40117130312500004 0.9306640625 0.3909224015625 0.966796875 0.3718887265625 0.9638671875 0.363103953125 0.9541015625 0.36456808125 0.9482421875 0.35578330937499997 0.9482421875 0.344070278125 0.95703125 0.3294289890625 0.970703125 0.3294289890625 0.9677734375 0.31771595937499997 0.939453125 0.3147877015625 0.9384765625 0.3279648609375 0.931640625 0.332357246875 0.919921875 0.35871156718749997 0.8916015625 0.3982430453125 0.8759765625 0.4304538796875 0.8720703125 0.44802342656249994 0.865234375 0.4538799421875 0.818359375 0.5431918015625 0.80078125 0.5622254765625 0.7880859375 0.560761346875 0.78125 0.5373352859375 0.7626953125 0.5124450953124999 0.732421875 0.49194729062500003 0.7001953125 0.4948755484375 0.67578125 0.51683748125 0.654296875 0.560761346875 0.63671875 0.6515373359375001 0.6357421875 0.713030746875 0.6220703125 0.765739384375 0.6181640625 0.8169838953124999 0.623046875 0.8389458265625 0.6806640625 0.9912152265625 0.6865234375 0.9985358718749999
0 0.5732421875 0.6076134703125 0.5869140625 0.591508053125 0.6142578125 0.5754026359375 0.619140625 0.55490483125 0.630859375 0.55929721875 0.63671875 0.5534407031249999 0.6533203125 0.51683748125 0.6533203125 0.49194729062500003 0.646484375 0.46705710156249997 0.6337890625 0.4494875546875 0.5986328125 0.42459736406250004 0.5791015625 0.42606149374999996 0.5595703125 0.4377745234375 0.541015625 0.5446559296875 0.5615234375 0.5812591515625 0.56640625 0.606149340625 0.5732421875 0.6076134703125
0 0.44921875 0.7364568078125 0.4580078125 0.8023426062500001 0.4501953125 0.8140556374999999 0.4501953125 0.8301610546875 0.4375 0.860907759375 0.435546875 0.8799414343749999 0.4296875 0.8843338218750001 0.416015625 0.9165446562499999 0.3974609375 0.979502196875 0.396484375 0.9985358718749999 0.6630859375 0.9985358718749999 0.6611328125 0.9692532937499999 0.654296875 0.9531478765625 0.6533203125 0.9341142015624999 0.6455078125 0.9077598828125 0.5966796875 0.7950219625 0.6025390625 0.724743778125 0.599609375 0.7101024890625001 0.603515625 0.70717423125 0.595703125 0.6603221078125 0.5283203125 0.5900439234375 0.5087890625 0.5812591515625 0.478515625 0.5856515375 0.4541015625 0.606149340625 0.447265625 0.6149341140625 0.4365234375 0.65739385 0.43359375 0.7086383609375 0.4423828125 0.7203513906250001 0.443359375 0.7349926796874999 0.44921875 0.7364568078125
0 0.3017578125 0.9077598828125 0.32421875 0.8682284046875001 0.333984375 0.8389458265625 0.3271484375 0.70717423125 0.3046875 0.6954612 0.2958984375 0.7027818453125 0.296875 0.7232796484375 0.2314453125 0.724743778125 0.2265625 0.6852122984375 0.212890625 0.6647144953125 0.1826171875 0.6617862375 0.1611328125 0.6734992671875 0.15234375 0.68814055625 0.1435546875 0.7408491953125 0.1259765625 0.746705709375 0.08984375 0.7745241578125001 0.0673828125 0.8052708640624999 0.052734375 0.8755490484375 0.0546875 0.9985358718749999 0.2783203125 0.9985358718749999 0.283203125 0.929721815625 0.3017578125 0.9077598828125
0 0.2353515625 0.7203513906250001 0.25390625 0.6910688140625 0.251953125 0.65007320625 0.2373046875 0.629575403125 0.22265625 0.6281112734375001 0.208984375 0.6339677890625001 0.1953125 0.6412884328125 0.1884765625 0.6530014640624999 0.189453125 0.6588579796875 0.2109375 0.6617862375 0.2216796875 0.6705710109374999 0.2353515625 0.7203513906250001
0 0.3349609375 0.713030746875 0.3505859375 0.714494875 0.3603515625 0.6793557828125001 0.34765625 0.6456808203125 0.337890625 0.6383601750000001 0.3271484375 0.6383601750000001 0.314453125 0.6456808203125 0.30859375 0.655929721875 0.3056640625 0.6647144953125 0.3076171875 0.6925329421875001 0.3193359375 0.6969253296875 0.3349609375 0.713030746875
0 0.4072265625 0.846266471875 0.4150390625 0.7554904828125 0.4052734375 0.7496339671875 0.3876953125 0.7510980968750001 0.3720703125 0.7686676421875 0.36328125 0.7935578328124999 0.361328125 0.8345534406249999 0.365234375 0.8696925328124999 0.369140625 0.8711566625 0.4072265625 0.846266471875
0 0.3759765625 0.9443631046875 0.392578125 0.9194729140625 0.3759765625 0.872620790625 0.349609375 0.8887262078125 0.3349609375 0.9062957546874999 0.3330078125 0.9267935578125 0.345703125 0.9414348468749999 0.3603515625 0.9458272328125 0.3759765625 0.9443631046875
0 0.4052734375 0.8521229874999999 0.396484375 0.8565153734375001 0.3916015625 0.865300146875 0.3955078125 0.872620790625 0.4013671875 0.872620790625 0.4052734375 0.8521229874999999
0 0.455078125 0.5929721812500001 0.4833984375 0.57833089375 0.517578125 0.5754026359375 0.5439453125 0.5007320640625 0.5380859375 0.496339678125 0.5244140625 0.4612005859375 0.5224609375 0.3953147875 0.5146484375 0.3777452421875 0.5146484375 0.363103953125 0.5078125 0.3543191796875 0.4921875 0.3528550515625 0.4775390625 0.361639825 0.47265625 0.374816984375 0.4599609375 0.382137628125 0.4443359375 0.34992679375 0.435546875 0.344070278125 0.416015625 0.34846266406250004 0.4091796875 0.36456808125 0.4091796875 0.40702781874999994 0.4306640625 0.5856515375 0.455078125 0.5929721812500001
0 0.4111328125 0.5768667640625 0.404296875 0.5007320640625 0.3955078125 0.4538799421875 0.390625 0.4626647140625 0.392578125 0.472913615625 0.384765625 0.5124450953124999 0.3857421875 0.5475841875 0.380859375 0.57833089375 0.40625 0.5841874078125 0.4111328125 0.5768667640625
0 0.58203125 0.420204978125 0.5986328125 0.420204978125 0.630859375 0.44216691093750005 0.6533203125 0.477306003125 0.654296875 0.4377745234375 0.6494140625 0.4363103953125 0.634765625 0.3718887265625 0.6396484375 0.3411420203125 0.6357421875 0.3147877015625 0.615234375 0.298682284375 0.59765625 0.3030746703125 0.5869140625 0.332357246875 0.583984375 0.361639825 0.5546875 0.36456808125 0.544921875 0.37628111249999996 0.5478515625 0.39677891718749997 0.5400390625 0.4055636890625 0.5341796875 0.43484626718749997 0.5400390625 0.46412884375 0.5517578125 0.4685212296875 0.5654296875 0.43338213750000004 0.58203125 0.420204978125
0 0.673828125 0.515373353125 0.689453125 0.49926793593749996 0.7099609375 0.48901903437499994 0.7373046875 0.49194729062500003 0.755859375 0.503660321875 0.7744140625 0.5285505125000001 0.7841796875 0.5314787703125 0.7880859375 0.527086384375 0.783203125 0.49926793593749996 0.787109375 0.4860907765625 0.7978515625 0.472913615625 0.798828125 0.4143484625 0.7734375 0.37628111249999996 0.7392578125 0.382137628125 0.71484375 0.4099560765625 0.697265625 0.40263543124999995 0.6787109375 0.4055636890625 0.658203125 0.44070278125 0.6533203125 0.477306003125 0.6591796875 0.53587115625 0.66796875 0.5300146406249999 0.673828125 0.515373353125
0 0.7470703125 0.3792093703125 0.7275390625 0.3411420203125 0.7119140625 0.33528550468749996 0.697265625 0.3411420203125 0.6875 0.3543191796875 0.68359375 0.36896046875 0.6845703125 0.40263543124999995 0.7158203125 0.408491946875 0.7294921875 0.38945827187500004 0.7470703125 0.3792093703125
0 0.677734375 0.39970717499999997 0.681640625 0.38799414374999996 0.6806640625 0.3660322109375 0.6865234375 0.34699853593749996 0.701171875 0.332357246875 0.7021484375 0.298682284375 0.68359375 0.2811127375 0.65234375 0.3074670578125 0.640625 0.3089311859375 0.638671875 0.313323571875 0.654296875 0.38360175625 0.6650390625 0.4040995609375 0.677734375 0.39970717499999997
0 0.9521484375 0.6017569546875 0.9599609375 0.5841874078125 0.958984375 0.5636896046875 0.943359375 0.5431918015625 0.9228515625 0.5461200578125001 0.9140625 0.560761346875 0.900390625 0.6120058562499999 0.8994140625 0.6325036609375 0.9189453125 0.629575403125 0.9453125 0.636896046875 0.9521484375 0.6017569546875
0 0.94140625 0.6603221078125 0.9248046875 0.655929721875 0.919921875 0.6471449484375 0.9072265625 0.6471449484375 0.9013671875 0.655929721875 0.8935546875 0.65739385 0.892578125 0.6647144953125 0.896484375 0.667642753125 0.943359375 0.6705710109374999 0.94140625 0.6603221078125
0 0.8642578125 0.7496339671875 0.87109375 0.667642753125 0.880859375 0.6105417281250001 0.869140625 0.600292825 0.85546875 0.59736456875 0.8330078125 0.6281112734375001 0.830078125 0.6925329421875001 0.853515625 0.7291361640625 0.857421875 0.746705709375 0.8642578125 0.7496339671875
0 0.9755859375 0.72620790625 0.962890625 0.7379209375 0.935546875 0.796486090625 0.9169921875 0.9633967796875 0.9169921875 0.9985358718749999 0.9990234375 0.9985358718749999 0.9990234375 0.7188872625 0.9755859375 0.72620790625
0 0.9267578125 0.8667642750000001 0.9296875 0.8096632500000001 0.9423828125 0.770131771875 0.9150390625 0.7510980968750001 0.892578125 0.758418740625 0.8828125 0.770131771875 0.880859375 0.8140556374999999 0.87890625 0.9311859437500001 0.880859375 0.93557833125 0.916015625 0.9311859437500001 0.9267578125 0.8667642750000001
0 0.9619140625 0.7349926796874999 0.970703125 0.724743778125 0.986328125 0.7188872625 0.9912109375 0.7042459734375 0.9990234375 0.6969253296875 0.9990234375 0.65007320625 0.982421875 0.6412884328125 0.96484375 0.648609078125 0.9501953125 0.682284040625 0.9462890625 0.7174231328125 0.9169921875 0.72620790625 0.904296875 0.743777453125 0.904296875 0.7481698390625 0.9404296875 0.76427525625 0.947265625 0.7613469984375001 0.9619140625 0.7349926796874999