0 0.3677249359375 1 0.36762055625 0.9945729796875 0.38446007656250003 0.938906928125 0.38848749531250004 0.875365996875 0.37620098281250003 0.7984872546874999 0.376308375 0.7559055265625 0.3582850109375 0.6536899515625 0.33658083125 0.6169809921875 0.31026341875 0.5972998671874999 0.290519253125 0.5501113046875 0.2519633390625 0.5042129625 0.21295342968750003 0.498930665625 0.194799090625 0.5183461625 0.18503482031250001 0.556550259375 0.19870774687499998 0.6412917359375 0.18121081562500002 0.6788325109375 0.28798732656250003 0.9964536687500001 0.2897688921875 1 0.3677249359375 1
0 0.244766440625 1 0.232663484375 0.9778335609375001 0.22399840625 0.9286914578125 0.1791198265625 0.810943184375 0.1679691453125 0.841284546875 0.1653997328125 0.88430039375 0.143564578125 0.9692225078125001 0.142294525 1 0.244766440625 1
0 0.3922276921875 0.716616128125 0.382821396875 0.61288113125 0.3829645859375 0.55610549375 0.3918086515625 0.53427805 0.40977179062499997 0.5209766671875 0.40842117499999997 0.49892002187499995 0.3919876375 0.46330850312500005 0.36705663906249997 0.45149011562499997 0.346428065625 0.4064842984375 0.3357313796875 0.3962096140625 0.3243056890625 0.396197471875 0.309151171875 0.4110304203125 0.3214734828125 0.47371525156249994 0.3115896078125 0.48964564375 0.310287003125 0.5182505234375 0.31160182187499996 0.554501078125 0.3247605265625 0.564341640625 0.368718903125 0.6984665671875 0.37757518125 0.7414945578125 0.38161481406250003 0.7428090625 0.3922276921875 0.716616128125
0 0.449378884375 0.4288672828125 0.442757628125 0.40571319375000003 0.45545012500000004 0.391314365625 0.4572547359375 0.37275496874999997 0.43574175625 0.329931896875 0.41011755 0.31418213906250003 0.39718584218749997 0.284033553125 0.3755654703125 0.283792209375 0.372804859375 0.3329221703125 0.35716055 0.40256507187499996 0.3640926125 0.44187875468750004 0.390601225 0.4554457671875 0.41577143593750004 0.51181156875 0.43616079843750005 0.5122699749999999 0.43491757499999995 0.44763159999999996 0.449378884375 0.4288672828125
0 0.532800321875 0.31889825 0.5202152156250001 0.29071535000000004 0.5002440531250001 0.2638348109375 0.4888183625 0.26382266875 0.48516113125000004 0.250279940625 0.47777507343750003 0.2515823015625 0.45993153906249995 0.2871573921875 0.4620111578125 0.2989514953125 0.5034114921875 0.3321874921875 0.51368998125 0.3688843109375 0.5245420703125 0.3872387921875 0.537772371875 0.3686915359375 0.532800321875 0.31889825
0 0.680198465625 0.21183599687500002 0.6735414109375 0.20287581562499998 0.664577740625 0.202429553125 0.65857809375 0.2115946515625 0.6615063218749999 0.23539992187499997 0.6552796796875 0.264873040625 0.6644825609375 0.3098667171875 0.6897959609375001 0.3094568796875 0.6963334109375 0.296143353125 0.6937875828125 0.26010985781249996 0.689401346875 0.25682967031250004 0.680198465625 0.21183599687500002
0 0.6836889234375 0.36120370625 0.6948518203125 0.3957177796875 0.7004690640625 0.39878090781250003 0.6891865640625 0.341993128125 0.6839159218749999 0.340895684375 0.6836889234375 0.36120370625
0 0.697074628125 0.350736246875 0.7198186171875001 0.393342259375 0.7609797390625 0.38203084375 0.7497330359375 0.3110491546875 0.6925687875000001 0.325182353125 0.697074628125 0.350736246875
0 0.7190171750000001 0.2232324078125 0.706515878125 0.231517121875 0.7045200671875 0.2561906328125 0.7106035203125 0.28349315 0.695951009375 0.3083715796875 0.7466136078125001 0.2933579984375 0.7319846812499999 0.2391870828125 0.7190171750000001 0.2232324078125
0 0.5760532781250001 0.384236375 0.56632480625 0.4082465625 0.5843001578125 0.45980061250000004 0.58057133125 0.47464570312500004 0.5859615796875 0.49801685156250003 0.5968494671875 0.5021774234375 0.6118127828125 0.4934585875 0.601880896875 0.458727453125 0.6079940421875001 0.43940834375 0.621457446875 0.4329807828125 0.60921894375 0.40676356562500005 0.59535481875 0.3281362015625 0.590538171875 0.28642271406250003 0.5970756203125 0.2731091875 0.5953426046875 0.26328076718750004 0.5757538421875 0.2241720015625 0.5687143875 0.22744004687500002 0.5658699671874999 0.24010239375000003 0.5672205828125 0.26215903906250004 0.573722234375 0.26303942187499996 0.5782638718750001 0.27439940625000003 0.57892128125 0.292524684375 0.572539234375 0.3139180078125 0.5760532781250001 0.384236375
0 0.5360629390625 0.2798137703125 0.5393019734375 0.319778634375 0.551002671875 0.3501442796875 0.5624283625000001 0.3501564203125 0.5560699 0.2925004 0.5455644140625 0.27611160468749996 0.5360629390625 0.2798137703125