0 0.1714340171875 0.44722906562500003 0.1816486734375 0.5324565703124999 0.20156516875000002 0.566489309375 0.224367875 0.5801486687499999 0.260410609375 0.564318409375 0.28482163437499997 0.509570640625 0.290794015625 0.4587678546875 0.31066708125 0.43259508125 0.3214121171875 0.39132568125 0.31056285625 0.2881018515625 0.298722509375 0.24719926874999998 0.2893424109375 0.16991205625 0.267956753125 0.1099427015625 0.236425921875 0.0610746578125 0.2322705 0.045455390624999994 0.2142317625 0.029288314062499998 0.16823512499999999 0.034122756250000004 0.1593591609375 0.0812167171875 0.144267246875 0.41596536406249995 0.1714340171875 0.44722906562500003
0 0.015162171875 0.1084144453125 0.02803703125 0.14720129375 0.0724340359375 0.222815084375 0.0867606875 0.2634563453125 0.10584262343749999 0.28954878906250003 0.116526859375 0.163991671875 0.11131086875 0.11436483125 0.11730062031249999 0.08764425 0.1135364203125 0.039871821875000005 0.010354773437500001 0.050716649999999995 0.026133217187500002 0.093212325 0.015162171875 0.1084144453125
0 0.30387751406249996 0.49953977656250004 0.31260563750000003 0.534748459375 0.3217423546875 0.5618861890625 0.33563435468749997 0.5744750984375 0.341067671875 0.638128115625 0.35972364218749997 0.648209309375 0.370703375 0.645048290625 0.378153603125 0.6322232249999999 0.385577775 0.58327485 0.4062854015625 0.565042371875 0.41226646562499997 0.5262806875 0.407485125 0.5047061984375001 0.38655148906250003 0.4968714 0.37203356875 0.4783272703125 0.356246440625 0.4237904921875 0.3366951125 0.32148128593749997 0.31927360781249997 0.299228328125 0.315752790625 0.30160538593749997 0.319099709375 0.34540766562499997 0.31381404687500003 0.48645339062500004 0.30387751406249996 0.49953977656250004
0 0.385377821875 0.5933308796875 0.38955061406249997 0.6330323531250001 0.42378507499999996 0.69566525 0.439980796875 0.742131071875 0.46069710781250006 0.7359396953124999 0.4648177875 0.703394553125 0.485108134375 0.6811919265624999 0.4939840984375 0.6340979671875 0.48713373281249994 0.616754946875 0.47096406562500004 0.60641243125 0.4709466953125 0.5823302265625 0.4518734453125 0.5682788859375 0.43525175625 0.5058018125 0.4157785984375 0.5118625296875 0.407119959375 0.572982665625 0.385377821875 0.5933308796875
0 0.518899259375 0.7037313703125 0.520151096875 0.7156418109375 0.5471092265624999 0.7449204390624999 0.554568140625 0.744136475 0.554350815625 0.7301102984375001 0.5653305468750001 0.7269492796875 0.57711878125 0.6956052500000001 0.5814481 0.66504518125 0.5725026515625 0.6158103203125 0.5546725546875 0.60162831875 0.5493000359375 0.62226301875 0.5495347328125 0.6603714015625 0.518899259375 0.7037313703125
0 0.710518621875 0.6374303046875001 0.71407418125 0.683217659375 0.7281835078125 0.70983274375 0.7319303359375 0.73352296875 0.7402238078125001 0.7406792984375 0.7487172359375001 0.7377796015625 0.7526466468749999 0.727331590625 0.7490910875 0.6815442359375 0.752403265625 0.6771821078125 0.74491829375 0.6418427640625 0.7349643890625 0.6308469453125001 0.710518621875 0.6374303046875001
0 0.7148305703125 0.58278803125 0.7206464234375 0.6022467859375 0.72541039375 0.5997390703125001 0.7206029953125 0.5420412734375 0.716047665625 0.5465340624999999 0.7148305703125 0.58278803125
0 0.7305829578124999 0.5891604 0.733295271875 0.61496635625 0.7921407125 0.61279545625 0.7833865328125 0.5414634656249999 0.7407020734375 0.5419357781249999 0.7305829578124999 0.5891604
0 0.7638002765625 0.6779912359375 0.7725197140625 0.701158815625 0.7868203078125 0.7056767703125 0.7948877703125 0.6867658234375 0.7940184703125001 0.63066111875 0.7411801515625001 0.6301936421875001 0.7621224734375 0.65006954375 0.7638002765625 0.6779912359375
0 0.630174425 0.7100989015625 0.634955765625 0.7316733906249999 0.6411802125 0.743061190625 0.6488477671874999 0.7442623 0.6568978578125 0.701269146875 0.655854659375 0.6913437796874999 0.6459007546875 0.6803479609374999 0.6390330171875 0.6389227359375 0.6306874312499999 0.5595197921875 0.6352253906249999 0.530944796875 0.620511859375 0.5284772453125 0.609310459375 0.5115915375 0.609284403125 0.4754682296875 0.5924975031249999 0.4712115953125 0.583178203125 0.4782121015625 0.5844387265625001 0.5021636453125 0.592114965625 0.515405859375 0.5890461703125001 0.569917471875 0.6050158828125001 0.590316015625 0.6210203359375 0.6588789687500001 0.6330519515625 0.6776844203125 0.6374160140625 0.6952887624999999 0.636181546875 0.707460525 0.630174425 0.7100989015625
0 0.587455221875 0.6624068046875 0.595357471875 0.7017162953125 0.60551133125 0.7026560843749999 0.6110924890625 0.6840064578125 0.60131248125 0.6268313046875 0.59033275 0.6299923234375 0.587455221875 0.6624068046875