0 0.21875 0.9980039921875001 0.265 0.9980039921875001 0.28125 0.9800399203125 0.28375 0.96407185625 0.31 0.9121756484375 0.325 0.8502994015625 0.32625000000000004 0.7724550890625 0.33375 0.730538921875 0.33375 0.6267465062500001 0.31875 0.586826346875 0.29625 0.5628742515625 0.28500000000000003 0.5129740515625001 0.255 0.46107784374999994 0.21749999999999997 0.44910179687499996 0.19624999999999998 0.46506986093749997 0.18 0.5009980046875 0.17875000000000002 0.586826346875 0.155 0.6207584828125 0.205 0.9520958078125 0.21875 0.9980039921875001
0 0.16375 0.9980039921875001 0.1625 0.9500997999999999 0.15375 0.924151696875 0.15375 0.8742514968749999 0.13 0.7504990015625 0.11374999999999999 0.7784431140625 0.10375000000000001 0.82035928125 0.0675 0.9001996015625 0.058750000000000004 0.9401197609375 0.07125000000000001 0.9540918156249999 0.06 0.9980039921875001 0.16375 0.9980039921875001
0 0.3375 0.716566865625 0.34125 0.718562875 0.35625 0.694610778125 0.365 0.5908183625000001 0.375 0.5349301390625001 0.3875 0.5149700593750001 0.40750000000000003 0.5049900203125001 0.41 0.48303393281250007 0.4 0.4451097796875 0.3775 0.42914171718749994 0.365 0.381237525 0.35625 0.3692614765625 0.34500000000000003 0.36726546875 0.3275 0.3792415171875 0.32875 0.44311377187499995 0.31625000000000003 0.457085828125 0.31 0.48502994062499993 0.305 0.520958084375 0.31625000000000003 0.53293413125 0.33625 0.672654690625 0.3375 0.716566865625
0 0.43499999999999994 0.5009980046875 0.445 0.43712574843749996 0.4625 0.42115768437499995 0.45999999999999996 0.39720558906250003 0.475 0.38522954062500003 0.48 0.36726546875 0.46624999999999994 0.3213572859375 0.44375 0.30139720625 0.43624999999999997 0.26946107812500003 0.41500000000000004 0.2654690625 0.40374999999999994 0.31337325312500003 0.37625000000000003 0.3792415171875 0.37625000000000003 0.4191616765625 0.4 0.43712574843749996 0.41500000000000004 0.49700598749999997 0.43499999999999994 0.5009980046875
0 0.54375 0.3932135734375 0.5599999999999999 0.377245509375 0.56375 0.327345309375 0.55625 0.2974051890625 0.54125 0.2674650703125 0.53 0.2654690625 0.5287499999999999 0.25149700625000004 0.52125 0.25149700625000004 0.49749999999999994 0.283433134375 0.49749999999999994 0.29540918125000004 0.5325 0.335329340625 0.53625 0.37325349375 0.54375 0.3932135734375
0 0.7325 0.2974051890625 0.72875 0.2934131734375 0.7275 0.24750499062500003 0.7224999999999999 0.23752494999999998 0.71375 0.23552894218749998 0.70625 0.24351297343749997 0.705 0.2674650703125 0.69375 0.29540918125000004 0.6950000000000001 0.34131736562500004 0.72 0.34530938125 0.72875 0.3333333328125 0.7325 0.2974051890625
0 0.71375 0.377245509375 0.70875 0.37524950156250003 0.705 0.39520958125 0.71 0.43113772499999997 0.7150000000000001 0.435129740625 0.71375 0.377245509375
0 0.7787499999999999 0.3572854296875 0.72 0.3612774453125 0.72 0.3872255484375 0.735 0.43313373281249995 0.7775000000000001 0.42914171718749994 0.7787499999999999 0.3572854296875
0 0.7787499999999999 0.3393213578125 0.7737499999999999 0.283433134375 0.76375 0.2654690625 0.75 0.2714570859375 0.74375 0.29540918125000004 0.745 0.32335329375 0.7262500000000001 0.34530938125 0.7787499999999999 0.3393213578125
0 0.61375 0.3093812375 0.60375 0.32934131718750004 0.595 0.399201596875 0.58125 0.42115768437499995 0.5900000000000001 0.47504989999999997 0.58375 0.48902195624999995 0.585 0.5129740515625001 0.595 0.5189620765625 0.61125 0.5129740515625001 0.6075 0.47704590781249995 0.6168750000000001 0.45908183593749996 0.63125 0.45508982031249995 0.62375 0.42714570781249994 0.62375 0.3473053890625 0.62625 0.305389221875 0.635 0.2934131734375 0.635 0.283433134375 0.6224999999999999 0.24151696562499997 0.615 0.24351297343749997 0.61 0.255489021875 0.6075 0.277445109375 0.61375 0.27944111718750003 0.61625 0.29141716562500003 0.61375 0.3093812375
0 0.5912499999999999 0.305389221875 0.58375 0.28742515 0.57375 0.2894211578125 0.5700000000000001 0.32934131718750004 0.57625 0.3612774453125 0.5875 0.36327345312500003 0.5912499999999999 0.305389221875