0 0.0356294 0.8618218578124999 0.0494092796875 0.86545861875 0.051725379687499996 0.8896791828125 0.060077926562499995 0.8849168921875 0.0796061109375 0.9210337546874999 0.0826152203125 0.9640150265624999 0.16803369375 0.975334425 0.176995353125 0.93319023125 0.1693868765625 0.9273118374999999 0.1582623 0.8570312937500001 0.165786884375 0.8067670734375 0.17887375625 0.7916431265625 0.1933138109375 0.7284965921875 0.18394728437500002 0.6904171234375001 0.18229135937500002 0.5994132640625 0.1649443203125 0.56077574375 0.1170101828125 0.586828825 0.0867951203125 0.6461990859375 0.078019478125 0.685683109375 0.044051239062500004 0.7127127796875 0.0260440234375 0.7408585546875 0.026313934374999997 0.794340996875 0.0464512328125 0.7930759562499999 0.0513205140625 0.8094555187499999 0.049460340625 0.836057228125 0.033499315625 0.834941125 0.0356294 0.8618218578124999
0 0.372164103125 0.8372374453125 0.3702710984375 0.77829515 0.356779359375 0.713195434375 0.33520498593750003 0.7063404484375 0.3247223546875 0.6842220046875 0.3053291265625 0.6748463625000001 0.23438353906249998 0.6859244343750001 0.20166635781250003 0.723734303125 0.18453816875 0.767980615625 0.1613224703125 0.8706111734374999 0.17305615937500002 0.9035098125 0.18199959062499999 0.9763110156250001 0.35158547812499996 0.9881696156249999 0.3646723515625 0.97304566875 0.372164103125 0.8372374453125
0 0.3679185375 0.983965378125 0.427400346875 0.9934711078125 0.4418914625 0.9009231828125 0.4410817296875 0.74047585625 0.45129444999999996 0.7091118578125 0.47565908281249997 0.6760642796874999 0.479430490625 0.5934594734374999 0.46825485312500004 0.5525803203125 0.449419675 0.5352241656250001 0.40446181562500005 0.5187145140625 0.3788461234375 0.5409818953125 0.3775440015625 0.5596030921875 0.3396694 0.6424963499999999 0.37301029531249996 0.767793978125 0.3790285125 0.8537565218750001 0.375578078125 0.9604423796875 0.3679185375 0.983965378125
0 0.523203775 1 0.5465682109375 0.8948770015624999 0.545926265625 0.8467149015625001 0.5606033984375001 0.7515068046875 0.5570362390625 0.7165060453125001 0.5414983109375 0.6806682078125 0.5101343125 0.6704554875000001 0.4749150140625 0.6867049640625 0.44980631249999997 0.730393225 0.431390603125 0.993750134375 0.5207678484375 1 0.523203775 1
0 0.6223174140625 0.729090484375 0.6173131781250001 0.6859697 0.6048354203125 0.6637117421875 0.5760246015625 0.6456580234375 0.5542642109375 0.641463209375 0.5477207734375 0.649025184375 0.5382521234375 0.6697485000000001 0.5635286140625 0.7383454625 0.557897034375 0.8475519796875 0.5829546750000001 0.833265109375 0.607133290625 0.802877703125 0.6223174140625 0.729090484375
0 0.7007494999999999 1 0.7171680796875 0.949577359375 0.67941383125 0.8587224390625 0.64099940625 0.8346508140625 0.6110724859375 0.8325581203124999 0.588568025 0.8390039890625 0.568937715625 0.8616899109375 0.5481913046875 0.90033685625 0.5323141734375 0.955363365625 0.527207859375 1 0.7007494999999999 1
0 0.7348729984375 1 0.7401795296875 0.9645523703125001 0.7508992390625 0.9546092515625 0.762683990625 0.9581065000000001 0.776328915625 0.9350020406249999 0.797024265625 0.9257564875 0.7994935515625 0.861772875 0.7899410078125 0.8263535765625001 0.7588140890624999 0.78407929375 0.7296312359375 0.7713459171875 0.6931608781249999 0.776815196875 0.6504680578125 0.8139274999999999 0.64336656875 0.8294699859374999 0.6852131984375001 0.8618011484375 0.71684710625 0.9254963093749999 0.7207352390625 0.9845781203125 0.7268143921875 1 0.7348729984375 1
0 0.8078643281250001 0.7420651890625 0.78360181875 0.7163099828124999 0.735346709375 0.7182820140625 0.694649015625 0.7555338296875 0.6893566390625 0.773876 0.7455922609375001 0.7724620203125 0.7924941875 0.8185125765624999 0.8026558453125 0.816549971875 0.8103153843750001 0.7930269734375 0.8078643281250001 0.7420651890625
0 0.7532189687499999 0.6633950171875 0.737578915625 0.6863599640625 0.7271801796874999 0.7203841328125 0.766829246875 0.7124639515625 0.8100454734375001 0.7395445296875 0.8055992890624999 0.688443234375 0.7837039421875 0.6575071984374999 0.7532189687499999 0.6633950171875
0 0.67578100625 0.652633671875 0.6857238156250001 0.56778723125 0.6696278359375001 0.53992990625 0.639514896875 0.540497384375 0.630790315625 0.5505800140625 0.619698571875 0.565843475 0.61765238125 0.5951053546875 0.6345763234375 0.6684646078125 0.6255636015625 0.74001019375 0.6395294984375 0.740986784375 0.67578100625 0.652633671875
0 0.5454046734375 0.6248046203125 0.5421584859374999 0.6138849125 0.5044370687499999 0.6085739953125 0.4909781625 0.6290182828125 0.486192775 0.6687813328125001 0.49199214218750004 0.6718600421875001 0.5206680046875001 0.663172540625 0.5255883484375 0.6501507125 0.542107425 0.643286303125 0.5454046734375 0.6248046203125
0 0.5401305265625 0.5282013937500001 0.50115805 0.51211028125 0.48296481875 0.542916228125 0.4882900265625 0.6101180625 0.5015629171875 0.59233394375 0.5445256484375001 0.6087040828125 0.5532502296875 0.598621453125 0.5513572250000001 0.5396791546874999 0.5401305265625 0.5282013937500001
0 0.6318881890625 0.6495643859375 0.6134761078125 0.5974864984375 0.57538265625 0.5974959234375 0.5553803140625 0.6255021859375 0.5562593390624999 0.6416027234375 0.5800148578125001 0.64593705 0.603026309375 0.6609120578125001 0.6209314 0.6915690671875 0.6272888187500001 0.6866672640625 0.6318881890625 0.6495643859375
0 0.5711224890625 0.5437344562499999 0.57468965 0.5787352140625 0.5841072375 0.5874132921874999 0.602435425 0.5833485671875 0.639379940625 0.5137561625 0.61985175625 0.47763929843749997 0.5782750390625 0.49879057812500005 0.5694155015625 0.4821319875 0.51940234375 0.45190294375000006 0.5012091125 0.482708890625 0.481629865625 0.47599341875 0.46872901093749997 0.4884571953125 0.46761290781250003 0.5044182203124999 0.45290294218750005 0.5140823125 0.449791709375 0.5299038234375 0.47043599843750006 0.5500596625 0.48807117812499995 0.527234228125 0.5169330578125 0.51588655625 0.5385074328125 0.522741540625 0.5711224890625 0.5437344562499999
0 0.694751140625 0.696731046875 0.691453890625 0.715212728125 0.7001274109375 0.7345314890625 0.7470475671875 0.6656366499999999 0.74677765625 0.6121542078125 0.71100030625 0.6363841953125 0.694751140625 0.696731046875
0 0.73147680625 0.5442548078125 0.728686546875 0.5841573703125 0.748637828125 0.5855525 0.7593575375 0.5756093812499999 0.7583435578125 0.5327676234375 0.7447496953125 0.5264706890624999 0.73147680625 0.5442548078125