0 0.074 0.8666666671875 0.057999999999999996 0.8666666671875 0.062 0.8933333328125 0.076 0.8960000000000001 0.08 0.9199999999999999 0.088 0.9146666671875 0.11000000000000001 0.9493333328125001 0.11599999999999999 0.992 0.202 0.9973333328124999 0.20800000000000002 0.9546666671875 0.2 0.9493333328125001 0.184 0.8800000000000001 0.188 0.8293333328125 0.2 0.8133333328125 0.21000000000000002 0.7493333328125 0.198 0.712 0.19 0.6213333328124999 0.16999999999999998 0.584 0.124 0.6133333328125 0.098 0.6746666671875 0.092 0.7146666671874999 0.06 0.744 0.044 0.7733333328125 0.048 0.8266666671875 0.068 0.8240000000000001 0.074 0.8400000000000001 0.074 0.8666666671875
0 0.386 0.9973333328124999 0.398 0.9813333328124999 0.396 0.8453333328125 0.39 0.7866666671875 0.372 0.7226666671875 0.35 0.7173333328125 0.33799999999999997 0.696 0.318 0.688 0.248 0.704 0.21800000000000003 0.744 0.20400000000000001 0.7893333328125001 0.188 0.8933333328125 0.202 0.9253333328125001 0.21600000000000003 0.9973333328124999 0.386 0.9973333328124999
0 0.404 0.8613333328125 0.40800000000000003 0.968 0.40199999999999997 0.992 0.462 0.9973333328124999 0.47000000000000003 0.9039999999999999 0.458 0.744 0.466 0.712 0.488 0.6773333328125 0.48600000000000004 0.5946666671874999 0.472 0.5546666671875 0.45199999999999996 0.5386666671875 0.40599999999999997 0.5253333328124999 0.382 0.5493333328125 0.382 0.568 0.35 0.6533333328125 0.392 0.776 0.404 0.8613333328125
0 0.5700000000000001 0.8426666671874999 0.5780000000000001 0.7466666671875 0.572 0.712 0.554 0.6773333328125 0.522 0.6693333328125 0.488 0.688 0.466 0.7333333328125 0.466 0.9973333328124999 0.558 0.9973333328124999 0.5740000000000001 0.8906666671875 0.5700000000000001 0.8426666671874999
0 0.606 0.8266666671875 0.628 0.7946666671875 0.638 0.72 0.63 0.6773333328125 0.616 0.6559999999999999 0.5860000000000001 0.64 0.564 0.6373333328124999 0.558 0.6453333328124999 0.55 0.6666666671875 0.58 0.7333333328125 0.5820000000000001 0.8426666671874999 0.606 0.8266666671875
0 0.704 0.8453333328125 0.6639999999999999 0.8240000000000001 0.634 0.8240000000000001 0.612 0.8320000000000001 0.5940000000000001 0.8560000000000001 0.576 0.8960000000000001 0.564 0.952 0.562 0.9973333328124999 0.732 0.9973333328124999 0.748 0.9333333328125001 0.704 0.8453333328125
0 0.754 0.968 0.768 0.9973333328124999 0.772 0.9466666671875 0.782 0.9359999999999999 0.794 0.9386666671875 0.806 0.9146666671875 0.826 0.9039999999999999 0.8240000000000001 0.8400000000000001 0.8119999999999999 0.8053333328125 0.778 0.7653333328125 0.748 0.7546666671875 0.712 0.7626666671875 0.6719999999999999 0.8026666671875 0.666 0.8186666671875 0.71 0.8480000000000001 0.746 0.9093333328125001 0.754 0.968
0 0.8240000000000001 0.7946666671875 0.8300000000000001 0.7706666671875 0.8240000000000001 0.72 0.798 0.696 0.75 0.7013333328125 0.712 0.7413333328125 0.708 0.76 0.764 0.7546666671875 0.8140000000000001 0.7973333328125001 0.8240000000000001 0.7946666671875
0 0.818 0.6666666671875 0.794 0.6373333328124999 0.764 0.6453333328124999 0.75 0.6693333328125 0.742 0.704 0.7809999999999999 0.6933333328125 0.826 0.7173333328125 0.818 0.6666666671875
0 0.642 0.7306666671875 0.6559999999999999 0.7306666671875 0.686 0.64 0.6900000000000001 0.5546666671875 0.6719999999999999 0.528 0.642 0.5306666671875 0.634 0.5413333328125 0.624 0.5573333328125 0.624 0.5866666671874999 0.646 0.6586666671875 0.642 0.7306666671875
0 0.536 0.648 0.5519999999999999 0.64 0.554 0.6213333328124999 0.55 0.6106666671875 0.512 0.608 0.5 0.6293333328124999 0.49800000000000005 0.6693333328125 0.504 0.6719999999999999 0.532 0.6613333328125 0.536 0.648
0 0.5599999999999999 0.5946666671874999 0.554 0.536 0.542 0.5253333328124999 0.502 0.512 0.48600000000000004 0.544 0.496 0.6106666671875 0.508 0.592 0.5519999999999999 0.6053333328125 0.5599999999999999 0.5946666671874999
0 0.634 0.6826666671875 0.64 0.6773333328125 0.642 0.64 0.62 0.5893333328125 0.5820000000000001 0.592 0.564 0.6213333328124999 0.5660000000000001 0.6373333328124999 0.5900000000000001 0.64 0.614 0.6533333328125 0.634 0.6826666671875
0 0.518 0.5146666671875 0.54 0.52 0.5740000000000001 0.5386666671875 0.58 0.5733333328125 0.5900000000000001 0.5813333328125 0.608 0.576 0.64 0.504 0.618 0.4693333328125 0.5780000000000001 0.4933333328125 0.568 0.4773333328125 0.516 0.45066666718750004 0.5 0.48266666718750006 0.48 0.4773333328125 0.46799999999999997 0.49066666718749996 0.46799999999999997 0.5066666671875 0.454 0.5173333328124999 0.45199999999999996 0.5333333328125 0.47400000000000003 0.5519999999999999 0.49000000000000005 0.528 0.518 0.5146666671875
0 0.754 0.5946666671874999 0.72 0.6213333328124999 0.708 0.6826666671875 0.706 0.7013333328125 0.716 0.72 0.758 0.648 0.754 0.5946666671874999
0 0.76 0.5146666671875 0.746 0.5093333328125 0.734 0.528 0.734 0.568 0.754 0.568 0.764 0.5573333328125 0.76 0.5146666671875