0 0.036874843750000004 0.18930690156250002 0.0347385875 0.24274734531250003 0.05175255937499999 0.27150441718749996 0.084756784375 0.29970309687499996 0.09214910937500001 0.33946933281249997 0.12027377343750001 0.39985791718749997 0.16726946874999998 0.4275680046875 0.185954371875 0.3895594234375 0.1907852765625 0.29866879218750003 0.20147505156249998 0.26093940781249997 0.1892475765625 0.197327390625 0.17669649375000002 0.18175593125 0.170930690625 0.1312597265625 0.1845012453125 0.0614102375 0.192310240625 0.05580095625 0.18482484999999998 0.0133696796875 0.0990633703125 0.0217011203125 0.09455607031249999 0.0645511921875 0.073779321875 0.0999645296875 0.0655980640625 0.09491364062499999 0.0624380890625 0.11903861874999999 0.0485396828125 0.12219225468749999 0.045472771875 0.14898227343749998 0.061463025000000004 0.14842388125 0.062393678125 0.17507430468750002 0.056955726562499996 0.1912739546875 0.036874843750000004 0.18930690156250002
0 0.1744629265625 0.11779491875 0.194082728125 0.221173171875 0.209656309375 0.265990296875 0.24103401406249997 0.30491894375 0.3115497640625 0.31846623281249997 0.331258384375 0.309773115625 0.3425065515625 0.28803398593749996 0.36430701875 0.2819361109375 0.3800624859375 0.21734690781250002 0.38401139375 0.15850658281250002 0.3812638453125 0.022519631249999998 0.3687127625 0.006948171875000001 0.198816321875 0.0128810859375 0.1873376140625 0.08532581875 0.1744629265625 0.11779491875
0 0.37969871718750003 0.43615956406249995 0.3803501734375 0.45481486093749995 0.4051731421875 0.4779626515625 0.45067979375 0.4630320640625 0.4701092171875 0.44634382031250003 0.482704709375 0.40587959375000005 0.48181846562499997 0.3231934875 0.45862201875 0.289315728125 0.4495101078125 0.2576144171875 0.455918878125 0.097293090625 0.444666465625 0.004295809375 0.38488914687500003 0.0117198640625 0.39172307968750003 0.035495846875 0.3914481296875 0.1422371328125 0.3824335296875 0.22793727812500003 0.3447401203125 0.35199499843750004 0.37969871718750003 0.43615956406249995
0 0.44866402812499995 0.0041562125 0.45787749531250005 0.267995390625 0.4814462046875 0.31253331875 0.51607695 0.33000203125 0.5477782609374999 0.32089012031249997 0.564557446875 0.28561638125 0.5693439421875001 0.250761434375 0.5579984640625 0.1550991109375 0.5603208515625 0.106988753125 0.540607984375 0.0009454578125 0.44866402812499995 0.0041562125
0 0.5441529578125001 0.3316898875 0.5528926078125 0.35273102968750003 0.5591681484375 0.360516759375 0.58106168125 0.357083928125 0.6104850140625 0.3400466890625 0.6237319640625001 0.318237759375 0.6302380453125 0.2753178875 0.6176383078125001 0.20104570000000002 0.5945349249999999 0.1698329828125 0.5699911531249999 0.1546803171875 0.57180805 0.2640168484375 0.5441529578125001 0.3316898875
0 0.56768238125 0 0.5446055484375 0.0008058609375 0.548186440625 0.046041778125 0.5621335015625 0.1015888703125 0.5815185171875 0.1409363125 0.6003451390625 0.1642935015625 0.622610934375 0.17152083906249999 0.652592659375 0.1704738546875 0.69182376875 0.1477575375 0.732725809375 0.0582755671875 0.715975659375 0 0.56768238125 0
0 0.747702625 0 0.73751230625 0.0234206203125 0.731564615625 0.0823307453125 0.6977270484375 0.1448830984375 0.6547775703125 0.1757341390625 0.6613323078125 0.1915149953125 0.7027039203125 0.2300946484375 0.7389611859375 0.23683339375 0.76857065 0.225126240625 0.8011539578125 0.183964025 0.8119367984375 0.14889968125 0.8117020125 0.0848688703125 0.791341934375 0.07490669062500001 0.7785116578125 0.0513401046875 0.7666120328125 0.054423940625 0.7562458624999999 0.0441127671875 0.7512089390625001 0 0.747702625 0
0 0.6987994234375 0.2328992890625 0.7034484437499999 0.2514149875 0.7428212750000001 0.2900644390625 0.790978165625 0.29371934843749997 0.8161247390625 0.26882658125000003 0.8203528421874999 0.21798138125 0.813518909375 0.1942053984375 0.8034319359375001 0.191889353125 0.7549514390625001 0.2362750015625 0.6987994234375 0.2328992890625
0 0.7347330828125 0.28767859375 0.743938059375 0.322044946875 0.75876711875 0.3455417328125 0.7890280390625 0.352489875 0.8119897 0.322336821875 0.8182165859375001 0.271421825 0.7740815859375 0.29697768281250003 0.7347330828125 0.28767859375
0 0.6219235578125 0.43837405625 0.6324758578125 0.45401531406249995 0.640843246875 0.4643962859375 0.6709180359375 0.46601434375000006 0.6879764171875 0.43873572968749996 0.6810007640625 0.35359397812500004 0.6478548187500001 0.2640295265625 0.633863346875 0.2645181203125 0.6403736734375001 0.3363346625 0.6208998390625 0.40905859062500005 0.6219235578125 0.43837405625
0 0.4920915703125 0.33083961875 0.49548633124999997 0.37074545312499996 0.50822354375 0.391646996875 0.5461073296875 0.3876557734375 0.5497326328125001 0.3768560078125 0.54708239375 0.3582705109375 0.53081294375 0.350833775 0.5263500546875 0.33764816249999996 0.49799485 0.3279651796875 0.4920915703125 0.33083961875
0 0.492140225 0.38954034531250004 0.48447294999999996 0.456515396875 0.5015799875 0.48793751093750004 0.5410902937500001 0.47321632031250005 0.5527107234375 0.4621373578125 0.55665963125 0.40329703125 0.5482922421875001 0.39291605937499996 0.5047843734375 0.40777684843750006 0.492140225 0.38954034531250004
0 0.5611669296875 0.3604469609375 0.559726540625 0.37650701249999996 0.57873929375 0.4051942859375 0.6168092109375001 0.40653314687500003 0.6370275671875001 0.35512955625 0.6337258718750001 0.3178887640625 0.6275433953125 0.3127680765625 0.6085792984375 0.34278153125 0.5850592453125001 0.3569443296875 0.5611669296875 0.3604469609375
0 0.4508659234375 0.4683621484375 0.45342309687500004 0.48428260312500004 0.4677868296875 0.494454178125 0.46834522187500005 0.51044443125 0.4808032390625 0.5233508484375 0.500604925 0.5173227734375 0.5177119609374999 0.5487448890625 0.56874963125 0.5202796937499999 0.5781851484375 0.5039404453125 0.61899836875 0.5265298453125 0.6397751171875 0.49111650781250005 0.605281846875 0.4202771515625 0.5871066828125 0.4155752578125 0.5773919703125 0.4239193796875 0.5726054734375 0.458774325 0.53927764375 0.478616203125 0.517477175 0.48471407656250004 0.48902890625 0.4723660515625 0.4722010640625 0.44893906406250006 0.4508659234375 0.4683621484375
0 0.6988480781249999 0.2916000171875 0.7014983171875 0.31018551250000004 0.715631509375 0.37106269062499997 0.7505414515625 0.3965265296875 0.7526777078125 0.3430860875 0.7081905296875 0.2725957265625 0.6988480781249999 0.2916000171875
0 0.7314842875 0.4238749421875 0.7328802671875 0.46385057500000004 0.7455244140625 0.4820870765625 0.75932975625 0.4762683984375 0.7618382734375 0.4334881265625 0.7514721046874999 0.4231769515625 0.7314842875 0.4238749421875