0 0.9455133437500001 1 0.9706578984374999 0.71968455 0.9805370078125 0.5206893531250001 0.9736979640625 0.5067703203125 0.93453138125 0.495631015625 0.906457228125 0.5024679062499999 0.8897481546874999 0.5194732515625 0.873548034375 0.5638567875 0.8697672515624999 0.6301714875 0.8757883390625001 0.66751374375 0.8361400765625 0.7540733937499999 0.8257929046875001 0.7986613203124999 0.7807688359375 0.871353034375 0.7672588874999999 0.880652834375 0.7558256437499999 0.8724363140625 0.74105695 0.8758292109375001 0.72114875 0.9005401031250001 0.717675534375 1 0.7323257453124999 1 0.732645615625 0.990840096875 0.7633735921875 0.9919131406249999 0.767068171875 1 0.9455133437500001 1
0 0.5529537421875 0.7246411546875 0.5607470671875 0.7112330953125 0.5508815765625 0.658122065625 0.555648453125 0.605522009375 0.5404389671875001 0.57958478125 0.5127737906250001 0.5747100609375 0.49793693125000005 0.5800548921875001 0.47969645937500005 0.5989610765625 0.4650959015625 0.6394918390625 0.46240572812499997 0.674575575 0.4721712453125 0.688596803125 0.4717622671875 0.7003084140625 0.5040216421875 0.699480621875 0.533659009375 0.7317846296875 0.5529537421875 0.7246411546875
0 0.318326878125 0.6890873859375 0.2952877140625 0.7195518890625 0.2962738109375 0.7332665328125 0.310701690625 0.7396333125 0.320126390625 0.7634142171875 0.3288967359375 0.9317916187499999 0.33903488125000003 0.97709490625 0.3430837765625 0.987007875 0.372144025 0.993885628125 0.38718537343750004 0.982684990625 0.397568896875 0.8951033921875 0.391379671875 0.8206232703125 0.417858803125 0.73360374375 0.40632558437500005 0.686297421875 0.38288198125 0.644438128125 0.36314645625 0.622251478125 0.3372171703125 0.6096201140625 0.3313324109375 0.5683739875 0.32010365625000003 0.5543016625 0.32531132500000004 0.5310317312499999 0.3221485484375 0.49574360625 0.3182359796875 0.4819267671875 0.29843229375 0.4616920515625 0.2976143359375 0.48511527499999996 0.3108834453125 0.524664953125 0.31091525625 0.5657066890625 0.3207807484375 0.61881771875 0.320403584375 0.6715710671874999 0.318326878125 0.6890873859375
0 0.30631651875 0.6554446109375001 0.303630884375 0.6064929390625 0.2764837390625 0.46092559218750007 0.2665137328125 0.4527601703125 0.2325866328125 0.459392671875 0.2180542390625 0.4979714984375 0.21093800312500002 0.575895615625 0.181091609375 0.633482821875 0.26527772031249996 0.6559658203125001 0.28208677031249996 0.6780502765625 0.296787303125 0.6766093140625 0.30631651875 0.6554446109375001
0 0.2637781328125 0.6989083953125 0.26731807500000004 0.6814431734374999 0.2561574828125 0.6654189125000001 0.1567936984375 0.658040421875 0.1521994984375 0.6637429359375 0.1463783625 0.7045802828125 0.17856957499999998 0.705704425 0.25836597656250004 0.72803413125 0.2791239453125 0.720941753125 0.26782702812500003 0.7088213640625 0.2637781328125 0.6989083953125
0 0.1087840703125 0.564511059375 0.128933109375 0.4909506890625 0.1297510671875 0.4675274671875 0.11035635937499999 0.435581140625 0.0900755328125 0.42900997187499995 0.0556712890625 0.4493060203125 0.0458012578125 0.48023040000000006 0.037835253125 0.5405360015625 0.0329638640625 0.6380816640625 0.037149084375 0.6440907625000001 0.1406980921875 0.6574783515625 0.14576943281250002 0.638112290625 0.14066628125 0.6164366140624999 0.1087840703125 0.564511059375
0 0.11932665625000001 0.6821381453125 0.11660467031249999 0.6761801453125 0.0464374609375 0.6717755359375001 0.0446334078125 0.681484115625 0.0527993625 0.699358115625 0.11857686249999999 0.7036094328125 0.13069173437499998 0.6923066 0.1311007125 0.6805949890625 0.11932665625000001 0.6821381453125
0 0.41234213124999997 0.8076750875 0.4270426625 0.8062341249999999 0.4351086421875 0.785018325 0.44395622812499996 0.7833729734375 0.44895940625 0.7659588484375 0.4661819703125 0.692296284375 0.46022904843749995 0.65300209375 0.47479779375 0.57142959375 0.4593156546875 0.55330010625 0.43597202656249995 0.5505306125 0.41660913125 0.5596260234375 0.399491078125 0.5883429796875 0.38155506875 0.640483159375 0.41323279062499996 0.6982645203125 0.4207852765625 0.7337059390625 0.399309325 0.8033113406249999 0.407407115625 0.8231372765625 0.41234213124999997 0.8076750875
0 0.78754879375 0.7191531859375 0.8474051796875001 0.725152046875 0.8739842859375001 0.677222321875 0.8673860843750001 0.6144538109375 0.880491590625 0.5328302140625001 0.8513631796875 0.527904396875 0.8154956984374999 0.548149346875 0.810047190625 0.6202687546875 0.7766290421875001 0.6542794468750001 0.775811084375 0.6777026703125 0.7854402765625 0.69562776875 0.7820366609375 0.7091891203125 0.78754879375 0.7191531859375
0 0.789452821875 0.7485344078125 0.797346121875 0.77421615 0.831000571875 0.7753913890625 0.8336907437500001 0.740307653125 0.792788271875 0.7369249921875001 0.789452821875 0.7485344078125
0 0.7054393859375 0.6791538671875 0.714191534375 0.55438330625 0.695101290625 0.555670975 0.687376128125 0.5671271 0.685094934375 0.5904992250000001 0.6637916609375 0.613207084375 0.633913453125 0.629752553125 0.6287739484375 0.6510705484375 0.6429291765625 0.66524506875 0.6349995234375 0.6825569984375 0.6804961953124999 0.6802371468749999 0.6895482687500001 0.672735990625 0.7054393859375 0.6791538671875
0 0.768772090625 0.5856040328125001 0.756352753125 0.5636728703125 0.7446468562499999 0.5632640906249999 0.74297913125 0.5690687999999999 0.7376305999999999 0.680278009375 0.741952146875 0.6823832359375 0.7464781828125 0.6786326578125 0.744301503125 0.657059175 0.7654002890625 0.640207121875 0.768772090625 0.5856040328125001
0 0.5572525546875 0.5176338281249999 0.5415659265625 0.5053601453125001 0.5249250156249999 0.5204135562500001 0.511378715625 0.572707028125 0.5475506625000001 0.5856960734375 0.5596291843750001 0.6173869125 0.563305453125 0.5960178203125001 0.55595745625 0.554720596875 0.5572525546875 0.5176338281249999