0 0.74364900625 0.0061301671875 0.741808321875 0.1115828546875 0.7603959703125 0.1373017953125 0.7749668546875 0.1414629765625 0.7868144484374999 0.1338560875 0.7998191671875 0.143850196875 0.8409771421875 0.21879866875 0.84897658125 0.2638670171875 0.8840403265625 0.3523830703125 0.8760731484375001 0.38935902968749997 0.87637810625 0.45578071875 0.8902331703125 0.500951278125 0.906029353125 0.518807803125 0.9337072171875 0.5271046125 0.973403109375 0.5180303953125 0.9809612453125001 0.5044883640625 0.9815102796874999 0.3052488515625 0.9705544125 0.010090815625000001 0.8183082031250001 0.007433348437499999 0.8138142265624999 0.0132151734375 0.7948175375 0.0109301625 0.7887573921875 0.0225449171875 0.75801536875 0.0220083140625 0.7582880624999999 0.00638569375 0.74364900625 0.0061301671875
0 0.47159382968749997 0.3236961421875 0.472444175 0.358872590625 0.48490350624999995 0.4001119421875 0.5021295078125 0.419946846875 0.5166663078125 0.42606085625 0.5445486921875 0.4226407 0.561094784375 0.3975350203125 0.5590873140625 0.344757571875 0.5717189015625 0.2922356484375 0.5646379796875001 0.27843809375 0.5457435515625 0.2702946 0.5144561390625 0.3010032359375 0.4822842984375 0.2984882515625 0.48207977812499997 0.3102052171875 0.47159382968749997 0.3236961421875
0 0.29711269218749997 0.5042722796875 0.2967036515625 0.527706209375 0.3175392015625 0.5085356703125 0.32216952656250003 0.49494253437499997 0.32717480625 0.459868296875 0.323192128125 0.436357709375 0.3351419828125 0.4228923375 0.34317733281249996 0.382010721875 0.3697321578125 0.370753703125 0.39060179375000004 0.34963033593750004 0.416204015625 0.30905535156249997 0.43019725 0.2624174640625 0.40830865781250003 0.174131384375 0.41838738906249995 0.100077253125 0.4126017625 0.0120722515625 0.398167225 0.0000997609375 0.368786846875 0.0054471921875 0.364224696875 0.015134671875 0.3517294546875 0.059845284374999995 0.3341589375 0.2275329265625 0.3235025546875 0.2507879890625 0.3087612375 0.2563909453125 0.3070587234375 0.2700351859375 0.3284719234375 0.3016637140625 0.32962905 0.31926471562500003 0.3272448015625 0.37196550625 0.31461321249999996 0.42448742812500007 0.31243348593750003 0.46547125468750006 0.29711269218749997 0.5042722796875
0 0.215306221875 0.4090800609375 0.218334471875 0.4872698203125 0.2308278890625 0.52655634375 0.26436137656250003 0.5349553625000001 0.2747450640625 0.5273229203125 0.3094734125 0.38337584062499996 0.314717296875 0.334631809375 0.306308815625 0.312997390625 0.2917038453125 0.31078903750000003 0.2737620203125 0.331963509375 0.18851461249999998 0.3500097359375 0.215306221875 0.4090800609375
0 0.15756989375 0.2771929609375 0.161245790625 0.318278996875 0.16553524687500001 0.3242141375 0.26514901874999997 0.32204605625 0.277132959375 0.3066278578125 0.274511928125 0.2890013046875 0.27907407812499996 0.279313825 0.29098984687499996 0.2678012796875 0.2706315125 0.259632234375 0.189775821875 0.2777551171875 0.15756989375 0.2771929609375
0 0.04083055625 0.3376647890625 0.040590125 0.4353317171875 0.045389059375 0.49597158124999996 0.0536271078125 0.5273701375 0.08692198906250001 0.54943895 0.10751892968750001 0.543938203125 0.12855899843750002 0.5130506984375 0.128968040625 0.48961676875000004 0.11269646562499999 0.41510269062500005 0.14725255625 0.36491688437500003 0.15348313281249998 0.34353799218750003 0.1494322828125 0.323933059375 0.0453245328125 0.3318829640625 0.04083055625 0.3376647890625
0 0.05475561718750001 0.29493255625 0.056049090625 0.304722246875 0.1263506578125 0.3039959421875 0.1293807296875 0.29818856562499996 0.1410578890625 0.3003458125 0.141262409375 0.28862884843750003 0.1297556828125 0.2767074625 0.0638458328125 0.2775104234375 0.05475561718750001 0.29493255625
0 0.3890697140625 0.3535104390625 0.4042523359375 0.40651785937499996 0.419844 0.43609135156249995 0.4387043421875 0.446187671875 0.4621609234375 0.4446436859375 0.47857066875000004 0.42734931718749997 0.4682910640625 0.3451261390625 0.476292328125 0.3061973515625 0.462948565625 0.2317343796875 0.45886362968750005 0.214082275 0.45011428125 0.21197613125 0.44316970468749994 0.190367265625 0.4285647328125 0.1881589125 0.42444570937500004 0.172459634375 0.4153214078125 0.1918345953125 0.43312506093750003 0.26246856875 0.4237280640625 0.29746615 0.3890697140625 0.3535104390625
0 0.8159166625 0.396122684375 0.8175832656249999 0.46842840937499997 0.8523420515625 0.4905227734375 0.8816883421874999 0.4871281703125 0.8728726437500001 0.4049305453125 0.882746853125 0.3425933796875 0.8587126218750001 0.29333829843750003 0.798624309375 0.296196296875 0.7925982515625 0.30585822500000004 0.79528745625 0.3195791234375 0.784733334375 0.33697570312499997 0.78432429375 0.3604096328125 0.8159166625 0.396122684375
0 0.802063421875 0.2669549890625 0.8047867125 0.27872305937499997 0.8458101625 0.2774857046875 0.8449598187499999 0.24230925625 0.811289984375 0.24172154687499997 0.802063421875 0.2669549890625
0 0.636503890625 0.3558759953125 0.6405206531250001 0.37743375625 0.669491990625 0.39552025468749996 0.6895776312499999 0.419311921875 0.690632496875 0.4427714046875 0.6977475046875 0.45461613281249996 0.7167441953125 0.45690114375 0.7145340265625 0.3318435234375 0.698328803125 0.337420928125 0.689681715625 0.329456303125 0.6443688062499999 0.3247585171875 0.6513815562499999 0.34246172812500003 0.636503890625 0.3558759953125
0 0.74673995625 0.33240568125 0.74626091875 0.4437424015625 0.7476225640624999 0.4496264375 0.7593338109375 0.4498308578125 0.7728839171875 0.428579728125 0.7723744406249999 0.3738750046875 0.7521865390625 0.355941821875 0.7554893046875 0.3345118234375 0.7511657609375 0.3305295109375 0.74673995625 0.33240568125
0 0.5151683140625 0.42798813124999996 0.5259592203125 0.4809188953125 0.541789490625 0.49682259375 0.558096975 0.48538670625 0.5587446218750001 0.4482829828125 0.5682438796875 0.40742692031249994 0.565691021875 0.38589471249999996 0.5519704812499999 0.4169099796875 0.5151683140625 0.42798813124999996