0 0.7803806734375 0.982421875 0.7862371890625 0.994140625 0.8052708640624999 0.9921875 0.8096632500000001 0.998046875 0.96193265 0.998046875 0.9780380671875 0.703125 0.980966325 0.50390625 0.9736456812500001 0.490234375 0.9341142015624999 0.48046875 0.9062957546874999 0.48828125 0.8901903375 0.505859375 0.8755490484375 0.55078125 0.87408491875 0.6171875 0.8814055640625 0.654296875 0.8448023421874999 0.7421875 0.8360175703125 0.787109375 0.7935578328124999 0.861328125 0.7803806734375 0.87109375 0.7686676421875 0.86328125 0.7540263546875 0.8671875 0.7349926796874999 0.892578125 0.7349926796874999 0.998046875 0.7496339671875 0.998046875 0.7496339671875 0.982421875 0.7803806734375 0.982421875
0 0.5109809656250001 0.69921875 0.541727671875 0.73046875 0.560761346875 0.72265625 0.568081990625 0.708984375 0.5563689609375 0.65625 0.55929721875 0.603515625 0.5431918015625 0.578125 0.515373353125 0.57421875 0.5007320640625 0.580078125 0.48316251875000005 0.599609375 0.469985359375 0.640625 0.4685212296875 0.67578125 0.47877013125 0.689453125 0.47877013125 0.701171875 0.5109809656250001 0.69921875
0 0.325036603125 0.625 0.32650073281249997 0.677734375 0.325036603125 0.6953125 0.3030746703125 0.7265625 0.3045388 0.740234375 0.31918008750000004 0.74609375 0.3294289890625 0.76953125 0.344070278125 0.9375 0.35578330937499997 0.982421875 0.36017569531250004 0.9921875 0.38945827187500004 0.998046875 0.4040995609375 0.986328125 0.41142020468749996 0.8984375 0.40263543124999995 0.82421875 0.42606149374999996 0.736328125 0.412884334375 0.689453125 0.38799414374999996 0.6484375 0.3674963390625 0.626953125 0.3411420203125 0.615234375 0.3338213765625 0.57421875 0.3221083453125 0.560546875 0.32650073281249997 0.537109375 0.3221083453125 0.501953125 0.31771595937499997 0.48828125 0.2972181546875 0.46875 0.2972181546875 0.4921875 0.31185944375 0.53125 0.313323571875 0.572265625 0.325036603125 0.625
0 0.28843338281249997 0.685546875 0.3030746703125 0.68359375 0.31185944375 0.662109375 0.3074670578125 0.61328125 0.275256221875 0.46875 0.26500732031249996 0.4609375 0.2313323578125 0.46875 0.2181551984375 0.5078125 0.2137628109375 0.5859375 0.1859443625 0.64453125 0.2708638359375 0.6640625 0.28843338281249997 0.685546875
0 0.286969253125 0.728515625 0.275256221875 0.716796875 0.2708638359375 0.70703125 0.27379209375 0.689453125 0.2620790625 0.673828125 0.1625183015625 0.669921875 0.158125915625 0.67578125 0.15373352812500002 0.716796875 0.1859443625 0.716796875 0.26647145 0.736328125 0.286969253125 0.728515625
0 0.1508052703125 0.650390625 0.14494875625 0.62890625 0.1112737921875 0.578125 0.12884333750000002 0.50390625 0.12884333750000002 0.48046875 0.10834553437500001 0.44921875 0.08784773125 0.443359375 0.054172767187500005 0.46484375 0.04538799375 0.49609375 0.039531478125000005 0.556640625 0.03806735 0.654296875 0.0424597359375 0.66015625 0.146412884375 0.669921875 0.1508052703125 0.650390625
0 0.1376281109375 0.705078125 0.1376281109375 0.693359375 0.12591508125 0.6953125 0.1229868234375 0.689453125 0.05270863906249999 0.6875 0.051244509375000004 0.697265625 0.060029282812499994 0.71484375 0.12591508125 0.716796875 0.1376281109375 0.705078125
0 0.4099560765625 0.806640625 0.41874084843750004 0.826171875 0.4231332359375 0.810546875 0.4377745234375 0.80859375 0.44509516875 0.787109375 0.4538799421875 0.78515625 0.45827232812499996 0.767578125 0.472913615625 0.693359375 0.46559297187500004 0.654296875 0.477306003125 0.572265625 0.4612005859375 0.5546875 0.4377745234375 0.552734375 0.41874084843750004 0.5625 0.40263543124999995 0.591796875 0.3865300140625 0.64453125 0.420204978125 0.701171875 0.4289897515625 0.736328125 0.4099560765625 0.806640625
0 0.7920937046875001 0.685546875 0.789165446875 0.69921875 0.7950219625 0.708984375 0.85505124375 0.712890625 0.8799414343749999 0.6640625 0.8711566625 0.6015625 0.8814055640625 0.51953125 0.8521229874999999 0.515625 0.8169838953124999 0.537109375 0.8140556374999999 0.609375 0.7818448015625 0.64453125 0.7818448015625 0.66796875 0.7920937046875001 0.685546875
0 0.8418740843749999 0.728515625 0.8008784765625 0.7265625 0.7979502203125 0.73828125 0.8067349921875 0.763671875 0.84040995625 0.763671875 0.8418740843749999 0.728515625
0 0.686676428125 0.673828125 0.6954612 0.666015625 0.7115666171874999 0.671875 0.7159590046875 0.546875 0.6969253296875 0.548828125 0.6896046859375 0.560546875 0.68814055625 0.583984375 0.667642753125 0.607421875 0.6383601750000001 0.625 0.6339677890625001 0.646484375 0.648609078125 0.66015625 0.6412884328125 0.677734375 0.686676428125 0.673828125
0 0.7496339671875 0.6484375 0.770131771875 0.630859375 0.7715959 0.576171875 0.758418740625 0.5546875 0.746705709375 0.5546875 0.74524158125 0.560546875 0.743777453125 0.671875 0.7481698390625 0.673828125 0.7525622249999999 0.669921875 0.7496339671875 0.6484375
0 0.5666178625 0.59375 0.5578330890625 0.552734375 0.5578330890625 0.515625 0.541727671875 0.50390625 0.5256222546875 0.51953125 0.5139092234375 0.572265625 0.5505124453125 0.583984375 0.5636896046875 0.615234375 0.5666178625 0.59375