0 0.13 0.504 0.13799999999999998 0.52 0.158 0.536 0.157 0.5616 0.142 0.5648 0.142 0.5888 0.148 0.6 0.141 0.6112 0.142 0.6176 0.154 0.6224000000000001 0.16599999999999998 0.616 0.193 0.616 0.24100000000000002 0.64 0.262 0.6576 0.275 0.6544 0.28900000000000003 0.568 0.29100000000000004 0.52 0.277 0.4864 0.273 0.3952 0.259 0.3536 0.248 0.3376 0.21800000000000003 0.32480000000000003 0.188 0.32639999999999997 0.158 0.352 0.145 0.40800000000000003 0.129 0.4304 0.132 0.44480000000000003 0.13 0.504
0 0.324 0.9648 0.31 0.9328 0.304 0.9279999999999999 0.3 0.9296 0.29700000000000004 0.944 0.2725 0.968 0.259 0.9663999999999999 0.253 0.9583999999999999 0.24900000000000003 0.944 0.25 0.9119999999999999 0.257 0.8976000000000001 0.27799999999999997 0.7744 0.255 0.712 0.261 0.6848 0.257 0.6736 0.246 0.6527999999999999 0.20800000000000002 0.6288 0.181 0.6224000000000001 0.157 0.6256 0.10400000000000001 0.648 0.081 0.6656 0.063 0.712 0.049 0.7664 0.054000000000000006 0.792 0.052000000000000005 0.8048 0.043 0.8144 0.033 0.8448 0.024 0.9023999999999999 0.022 0.9583999999999999 0.034 0.9984 0.331 0.9984 0.324 0.9648
0 0.095 0.5519999999999999 0.10800000000000001 0.4976 0.10800000000000001 0.392 0.098 0.376 0.079 0.36960000000000004 0.043 0.3744 0.031 0.384 0.031 0.5024 0.05600000000000001 0.5152 0.089 0.5519999999999999 0.095 0.5519999999999999
0 0 0.7824 0.007000000000000001 0.7824 0.017 0.8 0.022 0.7984 0.023 0.776 0.03 0.76 0.028000000000000004 0.7535999999999999 0.037 0.7472000000000001 0.034999999999999996 0.736 0.040999999999999995 0.7072 0.053000000000000005 0.6864 0.068 0.6768 0.074 0.6607999999999999 0.091 0.6464000000000001 0.123 0.632 0.129 0.6208 0.12 0.5952 0.11100000000000002 0.5871999999999999 0.093 0.5519999999999999 0.099 0.5424 0.10800000000000001 0.5008 0.11000000000000001 0.4096 0.10700000000000001 0.39039999999999997 0.097 0.376 0.05600000000000001 0.36960000000000004 0.039 0.376 0.022 0.392 0.026000000000000002 0.4032 0.022 0.4304 0.026000000000000002 0.44000000000000006 0.026000000000000002 0.5344 0.024 0.5519999999999999 0.015 0.5728 0.011 0.6256 0.015 0.6352 0.014000000000000002 0.648 0.003 0.6607999999999999 0 0.6576 0 0.7824
0 0.621 0.8448 0.638 0.8400000000000001 0.638 0.8304 0.623 0.8240000000000001 0.616 0.8144 0.595 0.8112 0.591 0.7984 0.517 0.7968 0.517 0.8192 0.522 0.8256 0.5980000000000001 0.8352 0.621 0.8448
0 0.529 0.608 0.519 0.6176 0.509 0.6527999999999999 0.528 0.6768 0.5309999999999999 0.7472000000000001 0.589 0.7567999999999999 0.625 0.7727999999999999 0.653 0.7936 0.667 0.8176 0.6719999999999999 0.8720000000000001 0.682 0.8736 0.71 0.7952 0.714 0.7552 0.701 0.6799999999999999 0.692 0.6656 0.666 0.6544 0.6559999999999999 0.6464000000000001 0.647 0.6288 0.631 0.624 0.631 0.608 0.64 0.5791999999999999 0.639 0.5392 0.646 0.4928 0.64 0.44800000000000006 0.616 0.4208 0.591 0.4128 0.577 0.41600000000000004 0.548 0.44960000000000006 0.5349999999999999 0.5008 0.538 0.5536 0.5469999999999999 0.592 0.542 0.6064 0.529 0.608
0 0.923 0.8880000000000001 0.9400000000000001 0.8800000000000001 0.9349999999999999 0.8608 0.881 0.8368 0.8220000000000001 0.8368 0.79 0.8448 0.783 0.8528 0.782 0.8656 0.788 0.8720000000000001 0.857 0.8704000000000001 0.923 0.8880000000000001
0 0.704 0.9343999999999999 0.696 0.9503999999999999 0.712 0.9823999999999999 0.7190000000000001 0.984 0.727 0.9808 0.726 0.9696 0.73 0.9648 0.759 0.8304 0.774 0.8112 0.818 0.7968 0.8779999999999999 0.7952 0.9279999999999999 0.8112 0.967 0.8448 0.962 0.7567999999999999 0.951 0.7264 0.9570000000000001 0.6992 0.9730000000000001 0.688 0.975 0.6672 0.97 0.6559999999999999 0.9390000000000001 0.6544 0.9369999999999999 0.6256 0.9410000000000001 0.6208 0.9369999999999999 0.6144000000000001 0.9390000000000001 0.5952 0.9349999999999999 0.5392 0.9199999999999999 0.5088 0.8880000000000001 0.488 0.8710000000000001 0.4896 0.837 0.5248 0.8300000000000001 0.5551999999999999 0.7110000000000001 0.8240000000000001 0.71 0.8912000000000001 0.7190000000000001 0.9183999999999999 0.717 0.9279999999999999 0.704 0.9343999999999999
0 0.725 0.736 0.74 0.7008 0.767 0.688 0.8009999999999999 0.6896 0.8109999999999999 0.6688 0.834 0.6576 0.826 0.6096 0.828 0.5551999999999999 0.835 0.5152 0.826 0.5088 0.825 0.5008 0.8130000000000001 0.496 0.79 0.5168 0.782 0.5424 0.786 0.6048 0.757 0.6496000000000001 0.739 0.6496000000000001 0.731 0.6576 0.7110000000000001 0.6928 0.712 0.7232000000000001 0.72 0.7472000000000001 0.724 0.7488 0.725 0.736
0 0.647 0.5168 0.654 0.5248 0.662 0.512 0.6679999999999999 0.512 0.687 0.5264 0.6940000000000001 0.5519999999999999 0.6950000000000001 0.576 0.706 0.5776 0.716 0.5616 0.7230000000000001 0.536 0.718 0.4848 0.693 0.44960000000000006 0.688 0.4224 0.688 0.3936 0.6759999999999999 0.36960000000000004 0.67 0.3376 0.6559999999999999 0.33599999999999997 0.654 0.344 0.648 0.3456 0.647 0.3584 0.651 0.3984 0.643 0.45439999999999997 0.651 0.4976 0.647 0.5168
0 0.76 0.5216000000000001 0.782 0.5232 0.8 0.5024 0.825 0.496 0.826 0.4608 0.8039999999999999 0.39039999999999997 0.791 0.38079999999999997 0.782 0.38239999999999996 0.77 0.392 0.765 0.4032 0.765 0.46399999999999997 0.759 0.4768 0.756 0.5008 0.76 0.5216000000000001
0 0.771 0.3888 0.782 0.38079999999999997 0.795 0.38079999999999997 0.806 0.3888 0.8029999999999999 0.3552 0.7929999999999999 0.3216 0.786 0.31520000000000004 0.767 0.3168 0.758 0.3296 0.75 0.3568 0.746 0.3968 0.754 0.4112 0.761 0.4128 0.771 0.3888
0 0.654 0.3296 0.669 0.3328 0.6759999999999999 0.3456 0.6990000000000001 0.3664 0.705 0.45119999999999993 0.712 0.44800000000000006 0.713 0.4096 0.721 0.3744 0.736 0.3568 0.752 0.3504 0.755 0.3344 0.764 0.3184 0.783 0.312 0.774 0.28159999999999996 0.753 0.2784 0.742 0.2992 0.731 0.3392 0.7230000000000001 0.3504 0.7150000000000001 0.3504 0.7110000000000001 0.32639999999999997 0.6950000000000001 0.3136 0.679 0.28959999999999997 0.6839999999999999 0.2656 0.67 0.26080000000000003 0.662 0.2512 0.6559999999999999 0.27040000000000003 0.661 0.28959999999999997 0.65 0.30720000000000003 0.649 0.3184 0.654 0.3296
0 0.425 0.46559999999999996 0.43499999999999994 0.528 0.43899999999999995 0.6464000000000001 0.44699999999999995 0.6624 0.45599999999999996 0.6624 0.483 0.6384000000000001 0.509 0.44960000000000006 0.524 0.37120000000000003 0.537 0.32639999999999997 0.538 0.28159999999999996 0.533 0.2768 0.521 0.2944 0.512 0.2768 0.502 0.2752 0.41100000000000003 0.376 0.40599999999999997 0.384 0.40599999999999997 0.3952 0.413 0.43360000000000004 0.425 0.46559999999999996
0 0.503 0.2144 0.47800000000000004 0.19519999999999998 0.45199999999999996 0.1968 0.43899999999999995 0.2064 0.42300000000000004 0.2512 0.42300000000000004 0.2784 0.429 0.2784 0.466 0.2512 0.503 0.2144
0 0.5429999999999999 0.5984 0.53 0.5008 0.524 0.5024 0.519 0.52 0.507 0.616 0.506 0.6368 0.513 0.6384000000000001 0.521 0.6112 0.5429999999999999 0.5984
0 0.529 0.6944 0.523 0.6736 0.51 0.6624 0.502 0.6607999999999999 0.501 0.6736 0.487 0.6912 0.47800000000000004 0.6672 0.46900000000000003 0.6816 0.438 0.6592 0.43200000000000005 0.5216000000000001 0.42300000000000004 0.4624 0.40099999999999997 0.3968 0.375 0.4464 0.362 0.4928 0.353 0.5088 0.352 0.6176 0.34700000000000003 0.6864 0.312 0.8816 0.312 0.9343999999999999 0.33799999999999997 0.9984 0.501 0.9984 0.529 0.6944
0 0.42000000000000004 0.2832 0.421 0.2512 0.44400000000000006 0.1968 0.43099999999999994 0.1792 0.42400000000000004 0.1776 0.4 0.19039999999999999 0.395 0.2048 0.39 0.27040000000000003 0.4 0.2912 0.414 0.28959999999999997 0.42000000000000004 0.2832
0 0.45899999999999996 0.192 0.48200000000000004 0.176 0.48 0.16 0.47000000000000003 0.1376 0.45199999999999996 0.11679999999999999 0.438 0.1152 0.421 0.13440000000000002 0.417 0.1776 0.426 0.176 0.44699999999999995 0.192 0.45899999999999996 0.192
0 0.4 0.1888 0.40800000000000003 0.18080000000000002 0.41200000000000003 0.1312 0.40499999999999997 0.1232 0.389 0.1232 0.382 0.1504 0.367 0.152 0.368 0.184 0.378 0.21600000000000003 0.388 0.23199999999999998 0.4 0.1888
0 0.49400000000000005 0.2 0.514 0.2016 0.515 0.192 0.525 0.18080000000000002 0.54 0.1776 0.562 0.16160000000000002 0.5690000000000001 0.136 0.5700000000000001 0.11040000000000001 0.567 0.1056 0.545 0.09759999999999999 0.536 0.0784 0.509 0.0832 0.509 0.0912 0.501 0.096 0.5 0.11040000000000001 0.48600000000000004 0.144 0.48600000000000004 0.16799999999999998 0.49400000000000005 0.2
0 0.608 0.4128 0.646 0.43520000000000003 0.649 0.3968 0.646 0.376 0.638 0.3584 0.638 0.2848 0.65 0.2768 0.666 0.2384 0.665 0.1984 0.655 0.1328 0.65 0.1312 0.643 0.16160000000000002 0.634 0.1696 0.624 0.1504 0.624 0.1424 0.616 0.1456 0.5940000000000001 0.20800000000000002 0.593 0.22400000000000003 0.581 0.2496 0.579 0.27999999999999997 0.568 0.3136 0.5780000000000001 0.4112 0.608 0.4128
0 0.732 0.18080000000000002 0.725 0.1664 0.732 0.136 0.73 0.1296 0.718 0.11679999999999999 0.704 0.1248 0.697 0.14079999999999998 0.6849999999999999 0.2 0.6839999999999999 0.23199999999999998 0.706 0.2928 0.724 0.2512 0.732 0.18080000000000002