0 0 0.819259259375 0.0466666671875 0.8888888890625 0.0533333328125 0.8888888890625 0.0641666671875 0.9037037031249999 0.0758333328125 0.9037037031249999 0.0783333328125 0.8903703703125 0.095 0.8711111109375 0.1533333328125 0.7703703703125 0.1741666671875 0.7318518515625 0.1783333328125 0.7066666671874999 0.185 0.7051851859375 0.1875 0.6977777781250001 0.1891666671875 0.657777778125 0.185 0.64148148125 0.1691666671875 0.623703703125 0.1516666671875 0.543703703125 0.1575 0.5288888890625 0.1825 0.52148148125 0.1816666671875 0.44592592656249996 0.1716666671875 0.44296296249999995 0.16 0.4503703703125 0.1308333328125 0.45185185156249996 0.1208333328125 0.4503703703125 0.1158333328125 0.43851851875000003 0.1108333328125 0.4370370375 0.1108333328125 0.41629629687499997 0.1166666671875 0.4074074078125 0.11916666718749999 0.3925925921875 0.11499999999999999 0.38962962968750003 0.11750000000000001 0.3466666671875 0.1125 0.297777778125 0.024166667187499997 0.297777778125 0.0191666671875 0.30222222187500003 0.0225 0.3303703703125 0 0.4029629625 0 0.819259259375
0 0.38333333281250004 0.9985185187500001 0.3866666671875 0.9925925921875001 0.3866666671875 0.982222221875 0.3775 0.9703703703125001 0.3691666671875 0.92444444375 0.3508333328125 0.742222221875 0.3366666671875 0.7170370375 0.32999999999999996 0.6918518515625001 0.3233333328125 0.7096296296875 0.25166666718749997 0.6977777781250001 0.2391666671875 0.7022222218749999 0.2316666671875 0.68444444375 0.2166666671875 0.6711111109375001 0.2066666671875 0.72 0.19083333281249998 0.7674074078124999 0.1266666671875 0.8770370375000001 0.10833333281249999 0.9140740734374999 0.1008333328125 0.9392592593750001 0.1 0.9496296296875 0.1066666671875 0.976296296875 0.12166666718750001 0.9985185187500001 0.38333333281250004 0.9985185187500001
0 0.2125 0.4770370375 0.21749999999999997 0.4933333328125 0.2716666671875 0.423703703125 0.26916666718750004 0.4148148140625 0.2725 0.4029629625 0.2858333328125 0.377777778125 0.2883333328125 0.3125925921875 0.2916666671875 0.297777778125 0.2883333328125 0.296296296875 0.27999999999999997 0.3125925921875 0.2733333328125 0.3140740734375 0.265 0.3674074078125 0.2391666671875 0.3866666671875 0.21000000000000002 0.41925925937499997 0.2125 0.4770370375
0 0.2633333328125 0.3525925921875 0.2641666671875 0.337777778125 0.25666666718750003 0.32148148125 0.2325 0.297777778125 0.2241666671875 0.2948148140625 0.22000000000000003 0.30222222187500003 0.21749999999999997 0.32148148125 0.24 0.35851851875 0.2608333328125 0.3570370375 0.2633333328125 0.3525925921875
0 0.7825 0.6918518515625001 0.7741666671874999 0.68148148125 0.7733333328125 0.6740740734374999 0.7808333328125 0.64148148125 0.79 0.6266666671875 0.8083333328125001 0.616296296875 0.8083333328125001 0.6074074078125 0.8258333328124999 0.580740740625 0.8300000000000001 0.5377777781249999 0.8258333328124999 0.497777778125 0.7241666671875 0.502222221875 0.6925 0.5170370375 0.6925 0.6829629625 0.6958333328124999 0.7066666671874999 0.7191666671875 0.696296296875 0.7825 0.6918518515625001
0 0.6108333328125 0.8948148140625 0.6091666671875 0.9125925921875 0.6166666671875001 0.9348148140625 0.6541666671875 0.9318518515624999 0.6691666671875 0.9170370374999999 0.6708333328125 0.88444444375 0.6775 0.8696296296874999 0.6725 0.860740740625 0.6716666671875 0.8266666671875 0.6775 0.8237037031250001 0.6783333328125 0.64148148125 0.6741666671875 0.5170370375 0.6475 0.5703703703125 0.6 0.6029629625 0.6283333328125 0.8044444437499999 0.6258333328125001 0.8725925921875 0.6233333328125 0.8829629625000001 0.6108333328125 0.8948148140625
0 0.8241666671875001 0.46962962968750005 0.8066666671875 0.41925925937499997 0.8041666671875 0.3940740734375 0.795 0.36296296250000004 0.765 0.32592592656249997 0.7558333328125 0.32148148125 0.7433333328125 0.32592592656249997 0.735 0.32 0.7266666671875 0.27555555625 0.705 0.24444444375000002 0.7008333328125 0.2518518515625 0.6933333328125 0.3925925921875 0.6925 0.4651851859375 0.6975 0.47259259218749994 0.7358333328125 0.47851851874999995 0.8241666671875001 0.46962962968750005
0 0.6849999999999999 0.2474074078125 0.6666666671875 0.262222221875 0.6591666671875 0.27851851875 0.6575 0.30222222187500003 0.6658333328125 0.36444444374999996 0.6775 0.383703703125 0.6849999999999999 0.2474074078125
0 0.43916666718749997 0.6696296296875001 0.4233333328125 0.6696296296875001 0.4233333328125 0.68444444375 0.43499999999999994 0.699259259375 0.465 0.8 0.47000000000000003 0.8059259265625001 0.485 0.8059259265625001 0.49916666718749997 0.7940740734375 0.5041666671875 0.7792592593750001 0.5058333328125 0.743703703125 0.5041666671875 0.56444444375 0.5033333328125 0.5481481484375 0.4966666671875 0.5303703703125 0.5016666671875 0.51851851875 0.5 0.5096296296875 0.4966666671875 0.5096296296875 0.4925 0.5274074078125001 0.4808333328125 0.540740740625 0.47416666718749995 0.5585185187499999 0.4458333328125 0.6029629625 0.44000000000000006 0.6088888890625 0.4058333328125 0.6148148140624999 0.40416666718750005 0.623703703125 0.4158333328125 0.63851851875 0.43333333281249997 0.63851851875 0.43916666718749997 0.6696296296875001
0 0.55 0.56148148125 0.5458333328125 0.5303703703125 0.5241666671874999 0.5303703703125 0.5125 0.539259259375 0.5133333328125 0.63851851875 0.5175 0.657777778125 0.5458333328125 0.5851851859375 0.55 0.56148148125
0 0.5333333328125 0.8429629625 0.5333333328125 0.79555555625 0.5366666671875 0.7688888890625 0.5233333328125 0.7674074078124999 0.5208333328125 0.75555555625 0.5166666671875 0.7525925921875001 0.4858333328125 0.8533333328125 0.4883333328125 0.8651851859375 0.5075000000000001 0.8637037031249999 0.5333333328125 0.8429629625
0 0.5716666671875 0.5303703703125 0.5633333328125001 0.5348148140625 0.5625 0.6192592593749999 0.5716666671875 0.623703703125 0.5733333328125 0.536296296875 0.5716666671875 0.5303703703125
0 0.5650000000000001 0.4266666671875 0.5625 0.4474074078125 0.5633333328125001 0.49629629687500004 0.5725 0.497777778125 0.5725 0.41925925937499997 0.5650000000000001 0.4266666671875
0 0.5641666671875 0.7066666671874999 0.58 0.656296296875 0.5633333328125001 0.657777778125 0.5641666671875 0.7066666671874999
0 0.5900000000000001 0.3496296296875 0.5833333328125 0.3496296296875 0.5783333328125 0.36 0.5783333328125 0.3718518515625 0.5983333328125 0.3688888890625 0.595 0.35407407343749997 0.5900000000000001 0.3496296296875
0 0.5525 0.5822222218750001 0.5491666671875 0.5733333328125 0.5241666671874999 0.6429629625 0.5191666671874999 0.68148148125 0.5166666671875 0.740740740625 0.5433333328125001 0.7451851859375 0.5508333328125 0.739259259375 0.5525 0.5822222218750001
0 0.6891666671875 0.902222221875 0.6849999999999999 0.9451851859374999 0.6858333328125 0.9985185187500001 0.8116666671875 0.9985185187500001 0.82 0.9911111109374999 0.8308333328125 0.9985185187500001 0.8383333328125 0.982222221875 0.8533333328125 0.9985185187500001 0.9991666671875 0.9985185187500001 0.9991666671875 0.1703703703125 0.9883333328124999 0.16444444375 0.9400000000000001 0.1688888890625 0.9166666671874999 0.19555555625 0.8758333328125 0.2 0.8408333328125 0.2266666671875 0.8308333328125 0.2548148140625 0.8308333328125 0.27851851875 0.8258333328124999 0.296296296875 0.8258333328124999 0.337777778125 0.8308333328125 0.3496296296875 0.8266666671875 0.379259259375 0.8425 0.42222222187499997 0.8458333328125001 0.44148148125000003 0.8574999999999999 0.456296296875 0.8533333328125 0.48444444375 0.8433333328125 0.5140740734375 0.8283333328125 0.5822222218750001 0.8216666671875 0.59555555625 0.8233333328124999 0.6074074078125 0.8191666671875 0.6311111109375 0.805 0.6696296296875001 0.7966666671875 0.7274074078125 0.77 0.7318518515625 0.7658333328125 0.7303703703125 0.7633333328125 0.7125925921875 0.7316666671875 0.7111111109375 0.725 0.7051851859375 0.7208333328125 0.7051851859375 0.7150000000000001 0.7185185187500001 0.7075 0.7125925921875 0.7025 0.7185185187500001 0.6875 0.72 0.6858333328125 0.740740740625 0.6808333328125 0.7466666671875 0.6875 0.75851851875 0.6891666671875 0.902222221875
0 0.47000000000000003 0.2770370375 0.4525 0.27851851875 0.4491666671875 0.296296296875 0.4491666671875 0.32592592656249997 0.4683333328125 0.32592592656249997 0.4716666671875 0.2948148140625 0.47000000000000003 0.2770370375
0 0.4858333328125 0.2903703703125 0.4808333328125 0.2903703703125 0.4783333328125 0.300740740625 0.4783333328125 0.32592592656249997 0.48333333281249996 0.32148148125 0.4883333328125 0.303703703125 0.4858333328125 0.2903703703125
0 0.4325 0.3348148140625 0.4308333328125 0.343703703125 0.4375 0.3451851859375 0.4375 0.33629629687499996 0.4325 0.3348148140625