0 0 0.5393508546875 0.05609898125 0.89354588125 0.113083578125 0.9550179796875 0.119668165625 0.9539750828125 0.132685671875 0.9669127953125001 0.1442087015625 0.9650877265625001 0.1445921296875 0.9515274625 0.158040790625 0.929898075 0.19989661875 0.8212722765624999 0.2144478359375 0.779968934375 0.2146233734375 0.7544420109375001 0.2209762078125 0.751935871875 0.22228665468750003 0.7442285765625 0.21767542343750002 0.70446031875 0.211010753125 0.689016465625 0.192591296875 0.673934440625 0.16279199375 0.5976569765625 0.16623596093749998 0.5821120234375 0.1897693953125 0.5708849515625001 0.1771268296875 0.4963899734375 0.1667864375 0.4950278328125 0.1564221796875 0.5041691109374999 0.1278463578125 0.510195025 0.11773771875000001 0.510296128125 0.1109452390625 0.49937236562500004 0.1057750421875 0.49869129531249995 0.1025304765625 0.4782059078125 0.1069014640625 0.46851392187499996 0.1070531375 0.45349041406249996 0.10247425937500002 0.45121574062500003 0.0982225921875 0.4083906375 0.0856362421875 0.360885825 0 0.374449271875 0 0.400623390625 0.001842896875 0.40715625 0 0.4199123109375 0 0.5393508546875
0 0.46444617343749994 1 0.4634981640625 0.9940145046875 0.452590315625 0.983742553125 0.4371751828125 0.9396856703124999 0.390561725 0.762574871875 0.37262964374999996 0.7399159140625 0.3621052234375 0.7160836953125 0.3583016921875 0.734685496875 0.2856633234375 0.734190696875 0.2740124828125 0.740535853125 0.26382376406249997 0.7241502078125001 0.24692264531250002 0.713327546875 0.2446936703125 0.763178878125 0.236471421875 0.8124795015625 0.19024460781250002 0.9307972859375001 0.17793085625 0.9702463 0.1744630234375 0.9962946734375 0.1747485078125 1 0.46444617343749994 1
0 0.262542459375 0.46036224062500003 0.25868270937500004 0.4519738734375 0.260120965625 0.439746490625 0.26935031249999997 0.412785584375 0.2616223234375 0.34801185 0.26259707187500003 0.3328579828125 0.2590730203125 0.33191618906250003 0.2533915875 0.3493154703125 0.247038753125 0.351821609375 0.2471511890625 0.4058019421875 0.22464871875 0.42886531093749997 0.200939746875 0.46561930625 0.21244740312500002 0.5222946578125 0.21993514687500001 0.537608146875 0.262542459375 0.46036224062500003
0 0.23173605468749997 0.36174506093750003 0.20415884375 0.3421136890625 0.1954645984375 0.34049082343750003 0.192508003125 0.34845884531250004 0.1930515953125 0.3678720765625 0.22106845156250002 0.40093335156250004 0.2414135375 0.3962110578125 0.24318749374999998 0.3914302453125 0.2416930203125 0.37666746406249996 0.23173605468749997 0.36174506093750003
0 0.7971993312500001 0.6291721796874999 0.7995083890625 0.5958075968750001 0.8062446515625 0.5797411953125 0.8227299875 0.5666305359375 0.8213394578125 0.557851084375 0.83445241875 0.528775125 0.8318468984375 0.48568929687500006 0.8214741515625 0.446833575 0.7217544359375 0.4671274703125 0.6927951859375 0.4867136484375 0.71875171875 0.65059675 0.7257520890625 0.673487175 0.7471758687500001 0.65959434375 0.8090341984375 0.6452971 0.7991811796875 0.6363580265625 0.7971993312500001 0.6291721796874999
0 0.6832503296875 0.9112108343750001 0.7198251328125 0.9024180578125 0.7323229109375 0.885439121875 0.7288704515625 0.8529870734375 0.7331374937499999 0.8373117578124999 0.7268085234375 0.8293144781249999 0.720655090625 0.795790275 0.7259530953125 0.79195125625 0.6982703328125 0.6118421296875 0.674687565625 0.48958161406249995 0.65669238125 0.5464299109375 0.614875790625 0.5860518703125 0.674378940625 0.780620471875 0.6825704390625 0.8483206890625 0.6817235015625001 0.85895446875 0.671231434375 0.8726158359375 0.6723663453125 0.8904354640625 0.6832503296875 0.9112108343750001
0 0.7838514046875 0.347796046875 0.7699307453124999 0.3185019484375 0.734506225 0.286613934375 0.7247571515625 0.28365819062500003 0.7131063109375 0.29000334687499996 0.7039485562500001 0.285454 0.6887651781249999 0.24286036093750002 0.6624984125 0.215521690625 0.65954181875 0.2234897125 0.6741508578125 0.363670959375 0.68468376875 0.43550017968750004 0.690780984375 0.442034215625 0.7295693890625 0.4418905296875 0.815424665625 0.4192927 0.7902604578125 0.3722800765625 0.7838514046875 0.347796046875
0 0.622559725 0.2563461703125 0.624621653125 0.280018765625 0.6425860890624999 0.340171309375 0.6571219312500001 0.3573683859375 0.6432081562499999 0.22157686562499998 0.627418084375 0.23907725000000002 0.622559725 0.2563461703125
0 0.4531306953125 0.6941669359375 0.46697127343749995 0.7069742875 0.5123612468750001 0.8017817078125 0.5182267078125 0.8068525046874999 0.5330420328125001 0.8045059875 0.545180246875 0.7905838953125001 0.5478011421875 0.7751693046875 0.5438851734375 0.739790771875 0.5141967000000001 0.562999215625 0.5108243234375001 0.5470339171874999 0.501458678125 0.530517909375 0.5045430828125 0.5180298015625 0.50150640625 0.5095110734375 0.49821411250000003 0.510032521875 0.4968798 0.5282432359375 0.48744256249999995 0.54323748125 0.48363903124999996 0.5618392828125 0.4626071703125 0.6101688515625 0.457772675 0.6169343546875 0.424953675 0.6281321656250001 0.42469805781250003 0.6371723421875 0.43853863437499996 0.64997969375 0.45582318125 0.647242090625 0.466451546875 0.6770576375 0.450813146875 0.6795345171875 0.4531306953125 0.6941669359375
0 0.5286201078125 0.5262159609375 0.51848760625 0.53682048125 0.5348382484374999 0.6347273328124999 0.5419664281250001 0.65309766875 0.558594946875 0.5769665015625 0.5590022390625 0.55290281875 0.5500200203125 0.5228265484375 0.5286201078125 0.5262159609375
0 0.5782787296875 0.759842490625 0.5648777953125 0.7604650421875 0.5605545359375 0.7491501921875 0.555975659375 0.7468755171875 0.541281259375 0.85119936875 0.54560451875 0.86251421875 0.56430345625 0.8580526484375 0.5865741718749999 0.8335260375000001 0.5791580187500001 0.7867022953125 0.5782787296875 0.759842490625
0 0.5803867796875 0.6080138265625 0.5901358546875 0.6109695687500001 0.5781084703125 0.5243775687500001 0.5755353046875 0.5187853234375 0.5679998312500001 0.5244786703125001 0.5803867796875 0.6080138265625
0 0.5619742078125001 0.4864343796875 0.571259771875 0.4864636390625 0.5589767703125 0.40891181249999997 0.5527278812499999 0.41740128125 0.5535032265625001 0.43827775625000004 0.5619742078125001 0.4864343796875
0 0.5872354765625001 0.64592775625 0.5957064578125 0.6940843796875 0.6034651953125 0.6418572734375 0.5872354765625001 0.64592775625
0 0.55546809375 0.3494696 0.5573221328125 0.361175534375 0.5766123890625 0.3551203625 0.5710025484375 0.3410093890625 0.5653688421874999 0.3374018359375 0.558784253125 0.3384447328125 0.55546809375 0.3494696
0 0.5462334703125 0.6374223515625 0.5473206515625 0.6762488156249999 0.554121621875 0.73516958125 0.581155240625 0.7353877234375 0.587635884375 0.7283614953125 0.5647160265625 0.5729971203125 0.5600332046875 0.5647391171875 0.5462334703125 0.6374223515625
0 1 0.4659761875 0.9414556624999999 0.0963417875 0.9298286859375 0.09218352656249999 0.8827856796875 0.1041342515625 0.8639112046875 0.13412274531249999 0.8242758609375 0.1449002109375 0.7938783546875 0.1767137734375 0.7884048124999999 0.206079715625 0.7921128890625 0.2294915875 0.7899555046875 0.2478326640625 0.7964446374999999 0.2888034390625 0.8032371171875001 0.299727203125 0.8037568453124999 0.329643853125 0.82611613125 0.369600990625 0.8324212375 0.38810168906250003 0.846261815625 0.40090904062500005 0.8465497875000001 0.429362446875 0.8413080000000001 0.46019163125 0.8371533937500001 0.52984728125 0.8326545984375 0.54405935625 0.8361547828125 0.5555045671875 0.8357474921874999 0.5795682484375 0.8277808640625001 0.6198286953125 0.8285885640625 0.678198753125 0.802945471875 0.6867600656249999 0.7985983484375 0.6859486328125 0.7933480703125 0.668780815625 0.7618395203125 0.6722713312499999 0.7543279109375 0.6674612609375 0.7502125421875 0.668113071875 0.7465368203125 0.6821947828125 0.7382021390625 0.6775150734375 0.7341907171875001 0.6841502140625 0.7196071468749999 0.6879599734374999 0.7212055656249999 0.7087060843749999 0.7171941421875 0.715341225 0.7256327703125 0.7260042640625 0.7497591296875 0.8676780125000001 0.75236465 0.9107638421875001 0.76153089375 0.9633101906249999 0.8858150109375 0.9436255203125 0.8928869734375 0.9350056890625 0.9047457031249999 0.9406271937499999 0.9096040640625 0.923358271875 0.926968690625 0.9371074171875 1 0.9255403937500001 1 0.4659761875
0 0.4179262296875 0.3067563125 0.42256132500000004 0.336021153125 0.4414920171875 0.33302282499999997 0.43991746249999997 0.30177329375 0.43549025781250006 0.284475115625 0.4184374671875 0.2886759609375 0.4179262296875 0.3067563125
0 0.4474290703125 0.306583365625 0.45136890156250004 0.33145848125 0.455612078125 0.32628658125 0.45776946250000006 0.30794550468750004 0.45321444843750003 0.2951674140625 0.4482760078125 0.2959495859375 0.4474290703125 0.306583365625
0 0.41405110624999997 0.35686836718750004 0.412660578125 0.348088915625 0.40749038125 0.34740784375 0.4072347609375 0.3564480203125 0.41405110624999997 0.35686836718750004