0 0 0.5908554359375 0.016870890625000003 0.6528617859375 0.0125572328125 0.68087645625 0.017399078125000002 0.6854926890625 0.1056786 0.688575478125 0.11238175312500001 0.63989086875 0.1113826609375 0.5968668296875 0.11565019531250001 0.5940510859375 0.1136687484375 0.579158046875 0.1081491859375 0.5700709921875 0.1088730265625 0.5493428859375 0.11392168437500001 0.5480368046875 0.1193322625 0.5363666703125001 0.1293778734375 0.5352350875 0.15847507031250002 0.5377335671875 0.169876115625 0.5455436234375 0.17997342968750002 0.542931459375 0.1834431046875 0.4674510140625 0.15871685 0.45917563125000005 0.1534041 0.4441662625 0.1736853984375 0.3648257375 0.190129521875 0.3476113640625 0.19486238281249998 0.331470409375 0.1945927109375 0.291436609375 0.1923527484375 0.28394646562500003 0.185741846875 0.2822332234375 0.18245666875 0.25691796718750004 0.162980303125 0.21769583906249998 0.10819830625 0.1149806640625 0.0922139296875 0.095151478125 0.0901807796875 0.08173901875 0.078521221875 0.08133185781249999 0.06717745625 0.0957595703125 0.060514851562500006 0.09552690625 0.0114465734375 0.1634854765625 0 0.49127245156250005 0 0.5908554359375
0 0.13099327968750002 0 0.12352877656250001 0.0102667140625 0.11593551718749999 0.0366844734375 0.11640642187500001 0.047077609375 0.1230229015625 0.0725092 0.1400524953125 0.1101634984375 0.20035405312500001 0.22196572812499998 0.21452324687500002 0.2698968328125 0.22281095781250002 0.319104934375 0.238267146875 0.30630321718750003 0.2463830140625 0.2887980140625 0.258720290625 0.29367599375000003 0.330756921875 0.28433249374999997 0.33679909218750004 0.3023321046875 0.3443406484375 0.27739492499999996 0.35937763437500003 0.2527194921875 0.3840592640625 0.07124809843749999 0.3939903125 0.025640978125 0.40356502031249997 0.014116259375 0.403926940625 0.00375220625 0.4019854890625 0 0.13099327968750002 0
0 0.260515740625 0.6243104390624999 0.266982690625 0.6779021125 0.27359359375 0.6796153546875 0.2813531171875 0.6961925515625 0.284736125 0.6948283046875 0.28192185 0.679906184375 0.281698303125 0.6146734578124999 0.26925204375 0.5890382890625 0.2663343640625 0.5770773265625 0.269143059375 0.5682811015625 0.217439428125 0.49680349843749994 0.21187374062500003 0.51291536875 0.20735884843750002 0.5705707015625 0.2353702828125 0.6041613406249999 0.260515740625 0.6243104390624999
0 0.21144188437500003 0.6685506625000001 0.2132682234375 0.6878854375000001 0.2171738375 0.6954337484375 0.2256055 0.69276341875 0.2505846921875 0.669917559375 0.25864885625 0.6538929359375001 0.258333059375 0.6390580640625 0.255989690625 0.6345290765625 0.235220753125 0.632321425 0.21144188437500003 0.6685506625000001
0 0.69876805 0.323866646875 0.69297731875 0.48969149375 0.724107665625 0.5056024359375 0.8255572890625 0.5135922875000001 0.8311173984375 0.47376206875 0.8284526546875 0.4306798640625 0.81189396875 0.4034187 0.8122041859375001 0.3945352265625 0.7942439421875 0.3835313484375 0.7855998890625 0.368405646875 0.7792419234375 0.3355711640625 0.7803332640625 0.32819735156249996 0.7890234421875 0.3181241265625 0.7258837984375 0.3114720875 0.7029265984374999 0.3002937140625 0.69876805 0.323866646875
0 0.6388801140625 0.200219784375 0.6035324375 0.400589709375 0.6498660375 0.4348201734375 0.674655153125 0.48905167031249996 0.6831623296875 0.3648284484375 0.68868896875 0.1826881484375 0.6829625953125 0.179523409375 0.6849845875 0.1454991765625 0.690291759375 0.1367902 0.6841461828125001 0.12175174687500001 0.6836179984374999 0.08912084218750001 0.669144165625 0.07379155937500001 0.6317704156249999 0.069521671875 0.6234994390625 0.091468609375 0.6245446546875 0.10929372343749999 0.636623415625 0.1215746 0.638759971875 0.1320259015625 0.6388801140625 0.200219784375
0 0.6911677140625 0.541511759375 0.6894670953125 0.6140892140624999 0.6920507453125 0.755005965625 0.695956359375 0.7625542750000001 0.718695590625 0.7322182703125 0.728574934375 0.68809173125 0.737110003125 0.68246024375 0.7494472796875 0.687338225 0.758763471875 0.6832163984374999 0.7900377703125 0.647248909375 0.800284615625 0.6164766625 0.8036620421875 0.5913940671875 0.8229092828125 0.5416651234375001 0.7349399765625 0.529698859375 0.6964231843750001 0.5342833625 0.6911677140625 0.541511759375
0 0.6505017109375 0.7031539687499999 0.6513401156249999 0.726901396875 0.6582668140625 0.7434495125 0.6760719484375 0.7588951265625 0.6733331890625001 0.6224201125 0.661001490625 0.6412604796875 0.6505017109375 0.7031539687499999
0 0.40854224375000003 0.37302711875 0.40989767656250004 0.38196875937499997 0.4438367171875 0.3890834734375 0.4494596859375 0.39520937031250003 0.47622467031250004 0.440615559375 0.482266840625 0.4586151703125 0.4934610734375 0.4723475421875 0.49700476718750003 0.4902599046875 0.50033606875 0.4903762359375 0.5023119390625 0.481550928125 0.4977286078125 0.46953179843750004 0.5050116484375 0.4519975140625 0.5064132078125 0.43574022812499996 0.514334915625 0.256648334375 0.5139101359375 0.221056271875 0.5094302125 0.2060759859375 0.49568579843749994 0.19373694218749998 0.4806949359375 0.19321345 0.4754911703125 0.19896126875 0.44199364374999994 0.29859365625 0.42981705468750003 0.3129922875 0.42930002500000003 0.32779807656250004 0.44512371406250006 0.3283506515625 0.43820817031250003 0.3592392296875 0.42071883125 0.3586284890625 0.40854224375000003 0.37302711875
0 0.5181594375 0.3620311890625 0.5138625140624999 0.46120089999999997 0.52521185625 0.47049153437499996 0.5468653234375 0.471247690625 0.5521152140625001 0.440300946875 0.5487783328125 0.4164662671875 0.5229957046875 0.3429290765625 0.5181594375 0.3620311890625
0 0.49817311875000003 0.1463874984375 0.52547186875 0.24814293906249998 0.5297394015625 0.24532719374999998 0.532651503125 0.2335698109375 0.5460284171875001 0.23255455937499997 0.5436277671874999 0.2057878046875 0.5452822625 0.158409278125 0.5201885078124999 0.1367796015625 0.50108521875 0.1346301140625 0.49817311875000003 0.1463874984375
0 0.5666240140625 0.38299460937499996 0.564509771875 0.46741669531249996 0.5726829203125 0.4721492609375 0.5745553828125 0.46628511093749997 0.5759402062500001 0.378872784375 0.5666240140625 0.38299460937499996
0 0.5631654937499999 0.5059117484375 0.560626471875 0.5547417734375 0.5624011078125 0.575557128125 0.5696380234375 0.58322176875 0.57237828125 0.50475108125 0.5631654937499999 0.5059117484375
0 0.571340140625 0.29569861249999996 0.5688011171875 0.34452863749999996 0.5854059281249999 0.346590875 0.571340140625 0.29569861249999996
0 0.5738133078125001 0.6308038781249999 0.573399684375 0.6426485093750001 0.57803471875 0.653187059375 0.5846973234374999 0.6534197234375 0.5898493874999999 0.649152484375 0.59369771875 0.634463025 0.5738133078125001 0.6308038781249999
0 0.5250582453125 0.25998757031249997 0.525488603125 0.3192979796875 0.52914128125 0.35796753125 0.5516960125 0.42842723125 0.5553375328125 0.41966008906249996 0.55915239375 0.26266054843750003 0.551863775 0.2564764859375 0.5250582453125 0.25998757031249997
0 1 0.018637996875 0.8705161374999999 0.0141163203125 0.8549565421875001 0.029879198437499997 0.84802984375 0.0133310828125 0.8369445953125 0.0203559 0.8288748531250001 0.012662175000000001 0.7031181734375 0.0082706546875 0.7004240421875 0.061542415625 0.703088784375 0.10462462187499999 0.696407946875 0.24818261874999997 0.6893317171875 0.2597945875 0.694121859375 0.2658914015625 0.69506366875 0.2866776734375 0.710002828125 0.2886817453125 0.7147929703125 0.29477855937499997 0.7224952140625 0.2891179890625 0.7278596671875001 0.3026467796875 0.7320237953125 0.30279219375 0.7388932140625 0.2971025421875 0.7705922921874999 0.29672711406249996 0.7737112046875 0.2790474140625 0.7779270359375 0.27771225 0.80442235 0.283084640625 0.810734190625 0.34111805 0.8235479515625 0.3801075140625 0.8268848312499999 0.40394219218750005 0.8248055578125 0.4157286578125 0.8310028359375 0.429286534375 0.8436153609374999 0.49791666093750003 0.8525752109375 0.5278772359375 0.8557569828125 0.5561536499999999 0.8435803937499999 0.5705522796875 0.839576953125 0.589683475 0.8222538796875 0.632067690625 0.8253839484375 0.6618246859375 0.8199733703125001 0.6734948203125 0.8185256875 0.71495103125 0.82290220625 0.7328924781249999 0.8220749578125 0.7565817421875 0.8310865109375 0.7850617375 0.8651345359375 0.8129336421875 0.9057878875 0.818800440625 0.928176353125 0.8462651859375001 0.9763251328125 0.8523937328125 0.9873586796874999 0.84684949375 1 0.4848494578125 1 0.018637996875
0 0.44312253593750006 0.672193975 0.4420884765625 0.7018055546874999 0.44479934375 0.7196888343750001 0.4622369796875 0.7217801546875 0.46452306718749997 0.7040713734375 0.462277525 0.67286288125 0.44312253593750006 0.672193975
0 0.47227143437499997 0.6732118765624999 0.47139248437500003 0.6983817203125 0.473529040625 0.7088330218750001 0.47852599375000004 0.70900751875 0.48148979843750006 0.6957695578124999 0.47711327968750006 0.6778281125000001 0.47227143437499997 0.6732118765624999
0 0.4254208046875 0.653787203125 0.4267762390625 0.66272884375 0.431824896875 0.6614227609375 0.43213511406249994 0.6525392859375 0.4254208046875 0.653787203125